0 0.348521 0.320951 0.025361 0.035964
0 0.348110 0.359141 0.025361 0.035964
0 0.347700 0.394596 0.025361 0.035964
0 0.348110 0.428958 0.025361 0.035964
0 0.348521 0.463867 0.025361 0.035964
0 0.348110 0.497682 0.025361 0.035964
0 0.348110 0.532044 0.025361 0.035964
0 0.348525 0.567500 0.025371 0.035964
0 0.348931 0.605677 0.025361 0.035964
0 0.346069 0.642227 0.025361 0.035964
0 0.375522 0.361868 0.025361 0.035951
0 0.375522 0.325326 0.025361 0.035964
0 0.377563 0.392956 0.025361 0.035964
0 0.378794 0.430592 0.025361 0.035951
0 0.377563 0.462773 0.025361 0.035964
0 0.377563 0.499870 0.025361 0.035964
0 0.378794 0.535859 0.025361 0.035964
0 0.378794 0.571315 0.025361 0.035964
0 0.379204 0.606224 0.025361 0.035964
0 0.378794 0.641133 0.025361 0.035964
0 0.433198 0.395150 0.027822 0.036003
0 0.402954 0.361328 0.027783 0.035964
0 0.405386 0.392956 0.027783 0.035964
0 0.403340 0.431139 0.027773 0.035951
0 0.405610 0.465508 0.029775 0.035964
0 0.405796 0.497682 0.029775 0.035964
0 0.407432 0.530404 0.029785 0.035964
0 0.407021 0.565859 0.029785 0.035964
0 0.408247 0.605677 0.029775 0.035964
0 0.407427 0.642227 0.029775 0.035964
0 0.431357 0.368151 0.027402 0.027813
0 0.430947 0.336211 0.027402 0.031693
0 0.460811 0.335671 0.031504 0.031680
0 0.459175 0.367878 0.029053 0.032734
0 0.461631 0.398691 0.031504 0.033268
0 0.462246 0.432780 0.030273 0.033815
0 0.435449 0.466061 0.029863 0.033815
0 0.464287 0.467689 0.028633 0.034909
0 0.436064 0.498509 0.029453 0.037643
0 0.465107 0.499329 0.026992 0.037096
0 0.438516 0.532871 0.032734 0.034362
0 0.466743 0.533418 0.030264 0.037643
0 0.438721 0.565872 0.030684 0.035990
0 0.466538 0.567780 0.026592 0.035456
0 0.439331 0.603229 0.032725 0.037630
0 0.438516 0.639779 0.032734 0.033281
0 0.469189 0.638965 0.028613 0.033815
0 0.467969 0.603776 0.029453 0.038724
0 0.552866 0.562324 0.032295 0.036549
0 0.552832 0.599681 0.034375 0.036549
0 0.554692 0.633496 0.032295 0.036549
0 0.551421 0.528770 0.032295 0.036549
0 0.549790 0.497135 0.032295 0.036536
0 0.549380 0.464954 0.032295 0.036549
0 0.548970 0.435501 0.032295 0.036549
0 0.547329 0.398958 0.032295 0.036536
0 0.546924 0.363503 0.032285 0.036536
0 0.496606 0.636777 0.031084 0.037096
0 0.496821 0.603496 0.032334 0.037096
0 0.495381 0.564772 0.031094 0.037096
0 0.494971 0.532044 0.031094 0.037083
0 0.494155 0.497135 0.031084 0.037083
0 0.492520 0.470957 0.031094 0.037096
0 0.492109 0.431139 0.031094 0.037096
0 0.491289 0.397324 0.031094 0.037096
0 0.519106 0.365143 0.031084 0.037083
0 0.519927 0.402780 0.031084 0.037096
0 0.520337 0.434954 0.031084 0.037096
0 0.521152 0.467142 0.031094 0.037096
0 0.522788 0.499316 0.031084 0.037096
0 0.522788 0.533678 0.031084 0.037096
0 0.524023 0.567207 0.027734 0.034414
0 0.526050 0.601576 0.028662 0.034401
0 0.526831 0.638385 0.028154 0.026927
3 0.584790 0.541725 0.036865 0.215404
1 0.575239 0.371257 0.034365 0.070690
0 0.628965 0.632708 0.034902 0.034766
0 0.628271 0.597051 0.030957 0.034753
0 0.626006 0.557122 0.028457 0.034766
0 0.624292 0.529290 0.027979 0.030195
0 0.620864 0.499525 0.027021 0.030195
0 0.620620 0.469401 0.027041 0.027552
0 0.614482 0.428503 0.030488 0.032135
0 0.610068 0.396751 0.035391 0.028867
0 0.605649 0.363698 0.034404 0.033438
