1 0.518809 0.619160 0.040371 0.062930
1 0.157729 0.624095 0.044600 0.056263
1 0.111255 0.624889 0.043994 0.057331
1 0.065684 0.624362 0.042402 0.057318
1 0.066177 0.557064 0.039775 0.065065
1 0.110649 0.557598 0.042373 0.065065
1 0.562085 0.619564 0.042979 0.062122
1 0.608066 0.619434 0.042598 0.061862
1 0.654053 0.622884 0.043574 0.067695
1 0.698291 0.622897 0.041309 0.068789
1 0.205205 0.627292 0.032402 0.066380
1 0.245400 0.626758 0.043145 0.067995
1 0.290854 0.626758 0.042998 0.067448
1 0.335928 0.624492 0.041191 0.068255
1 0.380801 0.621152 0.042988 0.060013
1 0.425576 0.621152 0.042988 0.060534
1 0.470479 0.620352 0.042129 0.060495
0 0.832334 0.637988 0.028184 0.019831
0 0.878970 0.428529 0.032822 0.026250
0 0.842031 0.486042 0.028613 0.028828
0 0.873584 0.481680 0.027637 0.031745
0 0.876377 0.452363 0.028516 0.031523
0 0.820269 0.450007 0.020928 0.030846
0 0.846338 0.452813 0.028516 0.035130
0 0.835713 0.513001 0.031895 0.023190
0 0.868530 0.511517 0.028623 0.028607
0 0.898823 0.512201 0.032803 0.029974
0 0.902988 0.479948 0.030820 0.032266
0 0.905889 0.447891 0.028535 0.034089
0 0.934766 0.451243 0.028184 0.026576
0 0.934863 0.482741 0.035742 0.027018
0 0.939072 0.509512 0.035098 0.023867
0 0.914434 0.544505 0.016875 0.026797
0 0.938564 0.544499 0.032734 0.027695
0 0.894268 0.544844 0.027168 0.029271
0 0.863638 0.543268 0.029697 0.030625
0 0.833188 0.546556 0.030381 0.031680
0 0.832671 0.578926 0.027842 0.031289
0 0.862373 0.577240 0.029199 0.031979
0 0.891230 0.576452 0.025488 0.030846
0 0.913423 0.574987 0.017549 0.031979
0 0.941348 0.576452 0.029863 0.030846
0 0.941182 0.608177 0.031895 0.029948
0 0.913164 0.607500 0.021094 0.026797
0 0.888696 0.608405 0.025479 0.029049
0 0.860938 0.609863 0.029023 0.029284
0 0.832417 0.610762 0.027002 0.030169
2 0.691851 0.395788 0.040068 0.093997
2 0.649360 0.397168 0.040068 0.093997
2 0.607573 0.399473 0.040068 0.093997
3 0.745679 0.550195 0.046631 0.213411
3 0.794409 0.549115 0.046631 0.213411
2 0.746763 0.390703 0.040068 0.093984
0 0.861357 0.637201 0.030547 0.021406
1 0.158779 0.557357 0.044570 0.065859
1 0.211147 0.555898 0.026182 0.067188
1 0.246313 0.554831 0.041748 0.067188
1 0.290620 0.555762 0.041611 0.066914
1 0.335376 0.554557 0.041982 0.062396
1 0.381548 0.554160 0.043174 0.065846
1 0.425703 0.553092 0.042734 0.065846
1 0.469995 0.552559 0.039775 0.065326
1 0.519556 0.559486 0.042197 0.053060
1 0.562935 0.551764 0.042588 0.067982
1 0.607212 0.552695 0.043994 0.065599
1 0.652578 0.552826 0.043594 0.066380
1 0.698555 0.552695 0.044004 0.065052
1 0.697725 0.483229 0.045371 0.063438
1 0.652080 0.483939 0.042598 0.060794
1 0.606411 0.484466 0.043193 0.061849
1 0.561836 0.483932 0.043594 0.058125
1 0.519058 0.482070 0.039600 0.057057
1 0.470088 0.485000 0.039199 0.061328
1 0.426602 0.485534 0.043828 0.059193
1 0.382241 0.486465 0.042998 0.062122
1 0.337266 0.486471 0.041797 0.061589
1 0.292290 0.487005 0.042998 0.062656
1 0.246621 0.487799 0.043594 0.061589
1 0.209941 0.488867 0.027402 0.061589
1 0.158071 0.490332 0.045596 0.061862
1 0.111294 0.491667 0.043994 0.058125
1 0.068125 0.489668 0.039590 0.058398
1 0.069224 0.419967 0.037803 0.057591
1 0.114297 0.424238 0.038789 0.052253
1 0.160371 0.417839 0.042988 0.065599
1 0.212241 0.417969 0.027607 0.063724
1 0.249316 0.414909 0.042598 0.062396
1 0.294189 0.415703 0.043594 0.065052
1 0.339663 0.417441 0.042197 0.061055
1 0.384839 0.413978 0.044600 0.064258
1 0.429614 0.414642 0.043389 0.062383
1 0.471685 0.413444 0.037197 0.064779
1 0.519956 0.409844 0.041396 0.069844
1 0.563936 0.409316 0.044590 0.069857
1 0.389336 0.340020 0.042402 0.077852
1 0.345659 0.341354 0.041396 0.076250
1 0.296787 0.340684 0.045195 0.077044
1 0.251113 0.341484 0.042598 0.078646
1 0.210537 0.341621 0.034199 0.077852
1 0.161069 0.333092 0.042393 0.072513
1 0.115596 0.337754 0.044590 0.064779
1 0.072119 0.341751 0.040391 0.059987
1 0.789312 0.403965 0.042822 0.070039
0 0.941265 0.635286 0.033076 0.022526
0 0.914771 0.635065 0.019580 0.022969
0 0.890215 0.636074 0.028516 0.020951
