0 0.404521 0.640716 0.042422 0.064818
0 0.648311 0.399779 0.059688 0.052552
0 0.699492 0.405859 0.041035 0.041510
0 0.692842 0.353633 0.052676 0.061953
0 0.643540 0.524121 0.049326 0.053659
0 0.744258 0.584082 0.050156 0.056419
0 0.743867 0.524681 0.046055 0.053659
0 0.385107 0.835241 0.058887 0.064753
0 0.435684 0.831660 0.041445 0.060846
0 0.484800 0.834434 0.053467 0.068581
0 0.531426 0.829453 0.038125 0.064167
0 0.581987 0.834427 0.058857 0.064167
0 0.580957 0.767012 0.058438 0.066367
0 0.532461 0.763965 0.036895 0.061393
0 0.485420 0.765078 0.053887 0.062500
0 0.438579 0.765625 0.038135 0.068021
0 0.386978 0.768945 0.058447 0.064714
0 0.490635 0.698809 0.059688 0.066654
0 0.442935 0.702350 0.040205 0.053112
0 0.535776 0.702904 0.034404 0.057526
0 0.581577 0.700697 0.052217 0.060846
0 0.391333 0.702897 0.058857 0.053112
0 0.500898 0.637461 0.052637 0.059688
0 0.542700 0.630482 0.023232 0.054766
0 0.581162 0.633822 0.053887 0.044258
0 0.450234 0.645573 0.043770 0.056849
0 0.646860 0.467194 0.053467 0.058060
0 0.508960 0.575898 0.050908 0.057813
0 0.455894 0.586250 0.043955 0.057135
0 0.413452 0.578288 0.036318 0.056419
0 0.523096 0.520228 0.051816 0.056185
0 0.467407 0.527546 0.045186 0.058008
0 0.422686 0.519342 0.037637 0.060951
0 0.536982 0.466165 0.055645 0.053581
0 0.479468 0.464395 0.053955 0.053581
0 0.428301 0.457428 0.043867 0.053581
0 0.548823 0.408073 0.046670 0.068229
0 0.500332 0.411341 0.042832 0.070547
0 0.435483 0.389928 0.051494 0.069727
3 0.339380 0.659277 0.067119 0.396680
1 0.348745 0.363893 0.068135 0.134687
0 0.745273 0.830840 0.055586 0.063607
0 0.829868 0.829473 0.047627 0.064674
0 0.828198 0.763952 0.047627 0.058633
0 0.826538 0.703190 0.047627 0.055859
0 0.821543 0.643776 0.046016 0.055859
0 0.817612 0.584635 0.045576 0.055859
0 0.813892 0.526615 0.045166 0.055859
0 0.814102 0.469414 0.045176 0.054193
0 0.812656 0.415534 0.046406 0.054193
0 0.806646 0.353639 0.045166 0.054206
0 0.743828 0.766745 0.055508 0.060833
0 0.742168 0.704043 0.056406 0.059128
0 0.740527 0.636328 0.053125 0.047656
0 0.690967 0.833327 0.044824 0.062513
0 0.639180 0.835540 0.053086 0.062513
0 0.690571 0.773678 0.044033 0.049180
0 0.689761 0.707852 0.043193 0.054766
0 0.689775 0.635488 0.047324 0.048060
0 0.643560 0.776947 0.047666 0.048164
0 0.642510 0.708424 0.047676 0.055911
0 0.640229 0.636289 0.047256 0.046536
0 0.639600 0.582956 0.042676 0.052630
0 0.739287 0.351986 0.036895 0.060872
0 0.742588 0.468880 0.043965 0.053646
0 0.741772 0.407240 0.040205 0.046484
0 0.697007 0.469388 0.043525 0.054714
