0 0.472378 0.407747 0.029346 0.030078
0 0.568047 0.536296 0.022617 0.030143
0 0.567568 0.507077 0.021660 0.027904
0 0.402012 0.535527 0.029277 0.029466
0 0.402832 0.503255 0.028516 0.030469
0 0.403213 0.471562 0.028516 0.030469
0 0.403613 0.436094 0.028516 0.030937
0 0.404609 0.403770 0.027305 0.028138
0 0.406519 0.372155 0.030322 0.031549
0 0.539478 0.604173 0.028506 0.031523
0 0.538877 0.567259 0.028516 0.025924
0 0.538877 0.537780 0.028516 0.029987
0 0.539678 0.507142 0.028516 0.028346
0 0.541074 0.477845 0.028516 0.028346
0 0.540273 0.441217 0.028516 0.025924
0 0.541074 0.413079 0.028516 0.028346
0 0.542471 0.380983 0.028516 0.030716
0 0.509756 0.536003 0.025371 0.027474
0 0.510679 0.506152 0.024873 0.028971
0 0.511167 0.474368 0.023896 0.029466
0 0.512354 0.439616 0.023887 0.029466
0 0.513184 0.409408 0.023887 0.029466
0 0.514707 0.376641 0.022187 0.031927
0 0.469604 0.473398 0.029346 0.029870
0 0.471377 0.438724 0.029336 0.029870
0 0.439229 0.438275 0.029336 0.028112
0 0.436567 0.478034 0.029346 0.028984
0 0.620103 0.605397 0.023564 0.032643
0 0.475293 0.374857 0.028125 0.032786
0 0.448560 0.384557 0.021787 0.028880
0 0.446748 0.411784 0.019219 0.031979
0 0.400869 0.600592 0.030723 0.033294
0 0.401357 0.566693 0.029277 0.029479
0 0.468032 0.602845 0.030732 0.033294
0 0.508809 0.603158 0.030723 0.033294
0 0.430591 0.602233 0.029248 0.032591
0 0.468032 0.568776 0.030732 0.032344
0 0.509287 0.569128 0.030723 0.032266
0 0.569531 0.603483 0.029297 0.033294
0 0.569014 0.568301 0.029297 0.033294
0 0.658008 0.605716 0.027344 0.032005
0 0.659443 0.572930 0.029297 0.026589
0 0.659570 0.542057 0.028125 0.030729
0 0.658823 0.509902 0.028057 0.030482
0 0.658242 0.478444 0.029297 0.030065
0 0.658955 0.443919 0.029297 0.031328
0 0.658955 0.412044 0.029297 0.028516
0 0.659180 0.353503 0.029297 0.035443
0 0.572129 0.376921 0.029297 0.034961
0 0.601875 0.381862 0.029297 0.035234
0 0.572021 0.412240 0.028613 0.028906
0 0.598750 0.416602 0.025937 0.028516
0 0.569712 0.442630 0.027900 0.031406
0 0.571670 0.475911 0.028301 0.028125
0 0.598896 0.477018 0.026230 0.030339
0 0.598242 0.445482 0.025000 0.026224
0 0.625752 0.477604 0.025254 0.030469
0 0.626338 0.444987 0.025449 0.027214
0 0.627563 0.414147 0.024561 0.033294
0 0.596128 0.567826 0.023564 0.027839
0 0.620825 0.567344 0.023564 0.027839
0 0.595874 0.603952 0.023564 0.032643
1 0.457422 0.330326 0.033203 0.054297
1 0.513618 0.331673 0.024502 0.054831
1 0.487393 0.333568 0.027949 0.049427
1 0.587227 0.343424 0.030371 0.049714
1 0.558975 0.337350 0.025723 0.051055
1 0.614263 0.348958 0.022881 0.046198
1 0.413276 0.324525 0.028350 0.054570
