0 0.527935 0.751751 0.050049 0.080326
0 0.526240 0.825273 0.053438 0.091615
0 0.576289 0.418105 0.058535 0.084831
0 0.578833 0.488796 0.067021 0.085951
0 0.580103 0.551569 0.066162 0.071263
0 0.580957 0.620560 0.059375 0.089349
0 0.581377 0.690117 0.065312 0.083698
0 0.583076 0.759108 0.070410 0.090482
0 0.581802 0.829238 0.066162 0.090482
0 0.631006 0.427721 0.037324 0.081432
0 0.629307 0.495579 0.045801 0.074648
0 0.628457 0.560052 0.044102 0.070130
0 0.631426 0.629609 0.041563 0.073516
0 0.631001 0.693509 0.039014 0.079180
0 0.633120 0.758542 0.039873 0.073516
0 0.638213 0.828105 0.044961 0.085951
0 0.708193 0.420371 0.055977 0.087096
0 0.708193 0.490495 0.055977 0.068984
0 0.708193 0.552135 0.050898 0.085964
0 0.706494 0.622259 0.050898 0.085951
0 0.704375 0.685592 0.044961 0.085951
0 0.709043 0.756849 0.049199 0.088229
0 0.709043 0.838281 0.049199 0.067865
0 0.746792 0.487096 0.036475 0.071250
0 0.747217 0.563444 0.037324 0.070117
0 0.754849 0.831497 0.045811 0.076901
0 0.754849 0.760807 0.052588 0.068984
0 0.752729 0.677676 0.051748 0.079180
0 0.755273 0.625651 0.051738 0.061068
0 0.163608 0.404967 0.062764 0.075742
0 0.160229 0.474082 0.062764 0.075742
0 0.154292 0.546465 0.062764 0.075742
0 0.150898 0.613197 0.062773 0.075742
0 0.150898 0.675404 0.062773 0.075729
0 0.150049 0.756842 0.062773 0.075742
0 0.143262 0.836009 0.062773 0.075742
0 0.219619 0.411882 0.054316 0.075742
0 0.215386 0.483132 0.052627 0.075742
0 0.218730 0.548730 0.067812 0.068945
0 0.206455 0.617188 0.051738 0.065625
0 0.265000 0.406224 0.055156 0.075729
0 0.267529 0.475215 0.033105 0.075742
0 0.273057 0.554349 0.042402 0.082448
0 0.268364 0.606393 0.046689 0.066641
0 0.265415 0.679915 0.049189 0.064388
0 0.269243 0.748900 0.044932 0.057695
0 0.252690 0.837142 0.062764 0.075742
0 0.311182 0.415820 0.040723 0.058724
0 0.310781 0.484844 0.043262 0.073516
0 0.311631 0.549303 0.039863 0.068997
0 0.310361 0.622259 0.047500 0.070117
0 0.311631 0.688991 0.050039 0.074648
0 0.311206 0.753457 0.047510 0.074648
0 0.306963 0.830931 0.049199 0.075768
0 0.363374 0.406797 0.060225 0.075781
0 0.362949 0.474655 0.062773 0.080299
0 0.362524 0.548177 0.063623 0.071250
0 0.360830 0.622826 0.060234 0.071250
0 0.363799 0.689557 0.064473 0.073516
0 0.360405 0.756283 0.069561 0.071263
0 0.362524 0.832064 0.063623 0.082565
0 0.418936 0.409062 0.044102 0.078047
0 0.416392 0.479186 0.040713 0.082565
0 0.416392 0.546478 0.044111 0.074648
0 0.417217 0.623958 0.049160 0.073516
0 0.418931 0.693509 0.042412 0.063346
0 0.416816 0.755156 0.041563 0.057682
0 0.417666 0.830365 0.043262 0.072396
0 0.477891 0.833190 0.048359 0.075781
0 0.478315 0.757982 0.052588 0.076901
0 0.478315 0.688418 0.050889 0.068997
0 0.478315 0.621667 0.054287 0.066771
0 0.475342 0.549323 0.055137 0.068958
0 0.473652 0.482012 0.055137 0.061081
0 0.475347 0.410755 0.051748 0.081432
0 0.519878 0.414147 0.050889 0.088216
0 0.523271 0.488236 0.050898 0.082565
0 0.523271 0.544779 0.050898 0.071250
0 0.527090 0.613210 0.048359 0.083685
0 0.528359 0.683333 0.050898 0.083698
