2 0.902920 0.392474 0.063320 0.082891
2 0.913711 0.332988 0.060156 0.067539
2 0.969448 0.338555 0.061104 0.058724
2 0.962500 0.399004 0.057559 0.069076
2 0.957319 0.463665 0.063896 0.067930
2 0.946240 0.536966 0.069941 0.077135
2 0.933594 0.610749 0.073770 0.073633
2 0.983013 0.609316 0.033662 0.066940
2 0.845498 0.698125 0.075195 0.089870
2 0.824731 0.779297 0.083799 0.068854
2 0.903872 0.775957 0.077354 0.067904
2 0.914614 0.695260 0.074482 0.095599
2 0.975210 0.695736 0.049580 0.086992
2 0.971553 0.775000 0.056582 0.067891
2 0.268906 0.631276 0.101055 0.124245
