2 0.470273 0.349134 0.029492 0.063659
2 0.364985 0.348451 0.030186 0.068177
2 0.398569 0.347467 0.033916 0.071497
2 0.434683 0.350924 0.033564 0.068177
0 0.114409 0.403561 0.027627 0.022773
0 0.114878 0.427083 0.028213 0.022656
0 0.113892 0.450260 0.028721 0.019531
1 0.498311 0.468958 0.035020 0.058568
1 0.534316 0.469154 0.035020 0.058568
1 0.394380 0.410417 0.034307 0.055000
1 0.569043 0.472526 0.035020 0.058568
1 0.605186 0.473177 0.034883 0.057943
1 0.640205 0.474401 0.034883 0.057943
1 0.675640 0.477025 0.034893 0.057930
1 0.711362 0.477773 0.034893 0.057943
1 0.747075 0.478711 0.034893 0.057943
1 0.783501 0.480964 0.034893 0.057943
1 0.784766 0.421712 0.034883 0.057930
1 0.748345 0.422083 0.034893 0.057943
1 0.711641 0.419837 0.034883 0.057930
1 0.676763 0.419460 0.034893 0.057930
0 0.118730 0.349831 0.025742 0.025260
0 0.116353 0.378652 0.027627 0.027487
1 0.185845 0.344069 0.035010 0.055039
1 0.150586 0.344746 0.035020 0.055039
1 0.359766 0.409707 0.034102 0.054388
1 0.641606 0.418151 0.034893 0.057943
1 0.606313 0.417396 0.034893 0.057943
1 0.570591 0.413275 0.034893 0.057930
1 0.535156 0.411400 0.034883 0.057930
1 0.500142 0.410085 0.034893 0.057930
1 0.464702 0.408776 0.034893 0.057943
1 0.428281 0.408398 0.034883 0.057943
1 0.782095 0.538711 0.034893 0.057943
1 0.746519 0.536836 0.034893 0.057943
1 0.711079 0.536458 0.034893 0.057943
1 0.675923 0.535898 0.034893 0.057943
1 0.325259 0.404082 0.035635 0.059076
1 0.254180 0.402617 0.035234 0.057526
1 0.219653 0.400436 0.035029 0.059674
1 0.183511 0.395579 0.036045 0.053737
1 0.147471 0.398841 0.035020 0.058568
1 0.289287 0.403763 0.035020 0.055052
1 0.329297 0.351953 0.035020 0.055052
1 0.292891 0.348639 0.035020 0.055039
1 0.255615 0.347292 0.035020 0.055052
1 0.221074 0.344993 0.035020 0.055039
1 0.640483 0.533464 0.034893 0.057943
1 0.604487 0.531211 0.034893 0.057943
1 0.569609 0.530651 0.034883 0.057943
1 0.533750 0.527839 0.034883 0.057943
1 0.498169 0.526335 0.034893 0.057930
1 0.462876 0.525208 0.034893 0.057943
1 0.427720 0.523900 0.034893 0.057930
1 0.391440 0.522214 0.034893 0.057943
1 0.356001 0.520716 0.034893 0.057943
1 0.145132 0.511126 0.034893 0.057930
1 0.180684 0.512409 0.034883 0.057943
1 0.214780 0.514284 0.034893 0.057943
1 0.250874 0.515221 0.034893 0.057943
1 0.286851 0.516940 0.034893 0.057943
1 0.321890 0.518503 0.034893 0.057943
0 0.112241 0.473574 0.031123 0.026289
0 0.110474 0.525762 0.029814 0.024961
0 0.112090 0.499518 0.029668 0.026068
1 0.607495 0.360970 0.034893 0.052669
1 0.145762 0.454714 0.035020 0.058568
1 0.181348 0.456393 0.035020 0.058568
1 0.217910 0.458646 0.035020 0.058568
1 0.251094 0.459401 0.035020 0.058568
1 0.288359 0.460898 0.035020 0.058568
1 0.322813 0.461836 0.035020 0.058568
1 0.357549 0.463711 0.035020 0.058568
1 0.392988 0.464466 0.035020 0.058568
1 0.428145 0.466341 0.035020 0.058568
1 0.463438 0.467461 0.035020 0.058568
1 0.641948 0.362454 0.034893 0.052669
1 0.677383 0.363027 0.034883 0.052669
2 0.504297 0.346536 0.029492 0.068177
2 0.537607 0.349251 0.029492 0.063867
2 0.573550 0.350794 0.029502 0.063047
