0 0.573242 0.411133 0.031934 0.032161
0 0.699458 0.584388 0.030654 0.033542
0 0.666812 0.583945 0.031650 0.034870
0 0.636328 0.584173 0.025977 0.032643
0 0.700205 0.548971 0.031816 0.032865
0 0.667393 0.550299 0.033477 0.030651
0 0.635991 0.550189 0.026982 0.030872
0 0.699287 0.514434 0.029980 0.033529
0 0.666396 0.515547 0.033145 0.034427
0 0.636162 0.513652 0.025645 0.035977
0 0.698125 0.481009 0.030977 0.030195
0 0.665811 0.480892 0.032656 0.031315
0 0.635576 0.479564 0.025820 0.029102
0 0.699961 0.441250 0.034648 0.030208
0 0.699463 0.407383 0.035313 0.034870
0 0.665728 0.443249 0.031807 0.021315
0 0.664644 0.414486 0.030654 0.031315
0 0.637158 0.411712 0.024648 0.034206
0 0.635659 0.444473 0.025986 0.021107
0 0.699541 0.368073 0.032813 0.040208
0 0.667808 0.348086 0.032314 0.029974
0 0.636411 0.345306 0.029150 0.035091
0 0.666147 0.384844 0.032646 0.023984
0 0.637578 0.382174 0.025156 0.022214
0 0.456875 0.582858 0.027207 0.032227
0 0.494424 0.582852 0.022070 0.033333
0 0.522734 0.583320 0.031504 0.033151
0 0.555215 0.582578 0.028730 0.031302
0 0.577705 0.582122 0.015684 0.033307
0 0.592070 0.582031 0.010820 0.031276
0 0.555625 0.549544 0.033184 0.031849
0 0.522212 0.547201 0.030674 0.034792
0 0.496631 0.546400 0.015977 0.033320
0 0.457075 0.543620 0.028193 0.026667
0 0.459292 0.511042 0.025693 0.034818
0 0.460542 0.474395 0.024307 0.034076
0 0.461724 0.439798 0.021670 0.033320
0 0.461899 0.404316 0.022490 0.033320
0 0.462559 0.368717 0.021387 0.034076
0 0.582085 0.339740 0.030830 0.033906
0 0.576440 0.380632 0.027686 0.027956
0 0.552817 0.337148 0.028037 0.030937
0 0.542676 0.369316 0.028281 0.032174
0 0.512974 0.366100 0.025596 0.039284
0 0.509116 0.403952 0.026279 0.035326
0 0.540112 0.404590 0.029580 0.034023
0 0.506211 0.435443 0.023887 0.031693
0 0.563403 0.479766 0.032354 0.030729
0 0.558682 0.518444 0.029746 0.026680
0 0.530225 0.476634 0.031152 0.033268
0 0.501729 0.477122 0.018887 0.032656
0 0.535054 0.435293 0.032217 0.028372
0 0.525244 0.510924 0.032813 0.034792
0 0.593203 0.449427 0.010332 0.037083
0 0.592290 0.483294 0.010830 0.025312
0 0.568140 0.446204 0.032100 0.033607
