1 0.860327 0.365046 0.017041 0.065951
1 0.444565 0.269160 0.050420 0.085638
1 0.494072 0.271862 0.045156 0.085052
1 0.541763 0.274128 0.045967 0.085312
1 0.588135 0.285462 0.040703 0.066966
1 0.505884 0.595469 0.047998 0.071094
1 0.630361 0.285462 0.041309 0.072357
1 0.674292 0.293424 0.040479 0.062370
1 0.717026 0.289245 0.040498 0.076146
1 0.761177 0.288704 0.026729 0.076133
1 0.794482 0.298021 0.035840 0.059141
1 0.878237 0.574928 0.032568 0.052201
1 0.875029 0.504844 0.034590 0.056484
1 0.839668 0.504844 0.033086 0.058281
1 0.803726 0.506979 0.035459 0.059401
1 0.771743 0.508105 0.024482 0.060742
1 0.766592 0.362786 0.022617 0.066849
3 0.406440 0.523555 0.048838 0.234089
3 0.352451 0.520241 0.055254 0.247357
1 0.456401 0.597572 0.049307 0.077539
3 0.293760 0.523555 0.060234 0.251328
2 0.236064 0.358424 0.045313 0.200937
2 0.233706 0.557643 0.053721 0.194974
0 0.156338 0.482376 0.041621 0.036602
0 0.127275 0.519310 0.016543 0.023646
0 0.157041 0.518021 0.041094 0.024948
0 0.065068 0.647943 0.030156 0.037266
0 0.099697 0.645508 0.036719 0.038229
0 0.129946 0.641947 0.020439 0.035638
0 0.160566 0.642754 0.038418 0.038555
0 0.064365 0.309323 0.046230 0.044297
1 0.363970 0.272096 0.034053 0.071719
1 0.859282 0.302344 0.022881 0.058047
0 0.126792 0.485937 0.016064 0.034661
0 0.100542 0.443815 0.035986 0.041797
0 0.064336 0.439121 0.034531 0.039518
0 0.154854 0.400241 0.040117 0.037591
0 0.155947 0.352129 0.039395 0.039206
0 0.062271 0.349863 0.039639 0.043737
0 0.100181 0.360879 0.035264 0.050221
0 0.100181 0.403320 0.033799 0.039193
1 0.830122 0.300723 0.032197 0.059128
1 0.797388 0.366283 0.034600 0.063919
1 0.833501 0.364368 0.030869 0.065039
0 0.160078 0.602585 0.038906 0.037904
0 0.100664 0.604199 0.036719 0.037253
0 0.066284 0.606146 0.031123 0.037266
1 0.593208 0.357272 0.038955 0.073372
0 0.159111 0.562871 0.038418 0.037539
0 0.129102 0.563216 0.019707 0.037578
0 0.101763 0.563704 0.032588 0.039206
0 0.066401 0.564349 0.038174 0.038568
0 0.066035 0.517044 0.042305 0.032734
0 0.103584 0.520280 0.030879 0.028190
0 0.063369 0.398294 0.038906 0.039531
0 0.126304 0.401217 0.016064 0.040169
0 0.112007 0.325697 0.040732 0.040872
0 0.130312 0.602904 0.019707 0.036615
2 0.920635 0.294557 0.054922 0.029479
2 0.920635 0.370853 0.057832 0.029154
2 0.913218 0.410534 0.054189 0.026276
2 0.919663 0.448294 0.063174 0.028516
2 0.925127 0.525566 0.053223 0.026888
1 0.407012 0.272376 0.022715 0.065560
1 0.291719 0.343190 0.054648 0.092109
1 0.554150 0.592259 0.044219 0.074258
1 0.606968 0.587611 0.027002 0.076784
1 0.642915 0.589551 0.040498 0.065690
1 0.685942 0.585990 0.040498 0.063958
1 0.725938 0.584720 0.031719 0.062331
1 0.773359 0.582135 0.025312 0.057604
1 0.806182 0.579993 0.036621 0.057826
1 0.843506 0.576914 0.033574 0.058047
1 0.723315 0.509570 0.033936 0.064115
1 0.684600 0.511595 0.040488 0.062773
1 0.641221 0.513060 0.042539 0.063906
1 0.606074 0.514251 0.025137 0.064570
1 0.552119 0.516543 0.044902 0.067279
1 0.504653 0.518301 0.046748 0.067279
1 0.456353 0.518457 0.048779 0.069753
1 0.453071 0.433633 0.046240 0.076042
1 0.500908 0.434303 0.046074 0.074701
1 0.549170 0.435208 0.045391 0.072448
1 0.594399 0.433633 0.041006 0.072891
1 0.637935 0.433626 0.040674 0.068398
1 0.681055 0.435547 0.038477 0.065469
1 0.719019 0.434648 0.034092 0.063672
1 0.770142 0.434082 0.022627 0.066602
1 0.800981 0.435052 0.035947 0.065026
1 0.835537 0.434538 0.031895 0.066602
1 0.870303 0.434987 0.034590 0.061198
1 0.346318 0.345020 0.051465 0.092044
1 0.410879 0.349596 0.030352 0.080182
1 0.451030 0.353685 0.046240 0.080573
1 0.499712 0.356159 0.044385 0.075625
1 0.547383 0.357839 0.045898 0.073151
1 0.635640 0.362793 0.040830 0.067747
1 0.678672 0.364030 0.039492 0.068424
1 0.716558 0.365156 0.032236 0.069323
0 0.102490 0.485293 0.029668 0.036602
0 0.066523 0.480430 0.041816 0.037266
0 0.156196 0.442038 0.040850 0.036940
0 0.127515 0.443822 0.015576 0.037904
