3 0.835176 0.469993 0.037754 0.182930
3 0.753955 0.465020 0.039375 0.191758
1 0.592666 0.458815 0.038574 0.065286
1 0.551895 0.459082 0.040176 0.063164
1 0.509512 0.458418 0.040176 0.064492
1 0.466338 0.457474 0.041777 0.064219
1 0.423164 0.456022 0.041777 0.064492
1 0.380190 0.454284 0.041377 0.064766
1 0.336113 0.453750 0.043574 0.063698
1 0.295942 0.452956 0.033975 0.064766
1 0.242969 0.450820 0.038379 0.066901
1 0.198496 0.449753 0.044980 0.066354
1 0.152622 0.449622 0.043975 0.069818
1 0.154121 0.375664 0.042578 0.061042
1 0.199297 0.378730 0.044980 0.060768
1 0.242573 0.379928 0.039580 0.057826
1 0.295840 0.381263 0.034980 0.056771
1 0.335645 0.381862 0.042656 0.057526
1 0.379536 0.383861 0.041826 0.054857
1 0.423345 0.385306 0.042822 0.057747
1 0.466318 0.387526 0.041484 0.056406
1 0.509375 0.389310 0.041328 0.055078
1 0.547700 0.388861 0.032314 0.056419
1 0.591919 0.391081 0.040479 0.054193
1 0.632749 0.392637 0.039189 0.053737
1 0.674121 0.393971 0.039980 0.053750
1 0.636221 0.328340 0.040156 0.069961
1 0.594746 0.325345 0.040488 0.072852
1 0.546777 0.323678 0.025820 0.071289
1 0.511958 0.325091 0.041162 0.065807
1 0.468901 0.323444 0.041650 0.066419
1 0.424839 0.321439 0.041826 0.064232
1 0.380366 0.321458 0.041494 0.065078
1 0.336152 0.318789 0.041641 0.064635
1 0.296748 0.316016 0.032832 0.071510
1 0.243530 0.312910 0.039990 0.066628
1 0.199380 0.312819 0.044307 0.063294
1 0.154087 0.310684 0.043330 0.065299
1 0.154673 0.236947 0.046807 0.075951
1 0.201899 0.237285 0.044971 0.075742
1 0.246792 0.237507 0.041807 0.077956
1 0.297256 0.241061 0.032480 0.073060
1 0.337402 0.245280 0.042480 0.076628
1 0.381709 0.249701 0.042813 0.073099
1 0.424849 0.250169 0.040811 0.073516
1 0.472158 0.252721 0.041484 0.071068
1 0.516050 0.254049 0.043311 0.070625
0 0.928516 0.550586 0.023242 0.026953
0 0.904595 0.551009 0.023545 0.027227
0 0.877202 0.550749 0.029893 0.027227
0 0.877886 0.518913 0.029502 0.025273
0 0.905522 0.518066 0.025791 0.024362
0 0.929790 0.518066 0.022764 0.024622
0 0.927764 0.489941 0.023887 0.025924
0 0.904204 0.491986 0.024463 0.024544
0 0.878389 0.490866 0.027168 0.022747
0 0.928003 0.464648 0.024131 0.022083
0 0.903701 0.463861 0.024473 0.025456
0 0.875938 0.464082 0.030371 0.025898
0 0.875942 0.436296 0.029365 0.027018
0 0.903447 0.438099 0.023633 0.025677
0 0.928423 0.439342 0.023623 0.025898
0 0.926733 0.413346 0.023955 0.022969
0 0.901675 0.413236 0.024463 0.020951
0 0.874170 0.411100 0.029199 0.020716
0 0.874253 0.380163 0.029033 0.025456
0 0.902432 0.381543 0.023965 0.025846
0 0.926733 0.382747 0.022607 0.024323
2 0.720581 0.320651 0.027646 0.075964
2 0.677432 0.319655 0.034258 0.085247
3 0.793726 0.465573 0.036924 0.191771
1 0.149526 0.522376 0.047764 0.064492
1 0.196899 0.522513 0.044580 0.065833
1 0.242769 0.523581 0.042373 0.064766
1 0.294438 0.523978 0.033779 0.065560
1 0.334419 0.525443 0.042568 0.064219
1 0.378691 0.526107 0.041973 0.065026
1 0.422466 0.526113 0.041982 0.065560
1 0.465942 0.527174 0.040576 0.063438
1 0.508613 0.528776 0.041172 0.061302
1 0.545396 0.528379 0.028779 0.059961
1 0.591465 0.530104 0.040176 0.062370
1 0.632939 0.529974 0.038379 0.061042
1 0.674121 0.529837 0.039570 0.060768
1 0.714395 0.531973 0.037773 0.061836
1 0.713799 0.462949 0.036582 0.063424
1 0.714995 0.392454 0.036572 0.061576
1 0.793350 0.326217 0.039375 0.059727
1 0.752974 0.325827 0.038174 0.059440
1 0.835127 0.327695 0.038184 0.058359
1 0.673320 0.462546 0.037969 0.061029
1 0.633340 0.458952 0.039180 0.062904
