1 0.873164 0.374609 0.037500 0.064010
1 0.439087 0.565124 0.042041 0.067044
1 0.440786 0.496191 0.042041 0.067044
1 0.397612 0.566647 0.042041 0.067044
1 0.354409 0.566270 0.043779 0.067044
1 0.310684 0.496947 0.043789 0.067044
1 0.266367 0.495436 0.043789 0.067044
1 0.265513 0.566094 0.043779 0.068906
1 0.524888 0.431803 0.041768 0.056940
1 0.483120 0.429531 0.041768 0.056927
1 0.175469 0.426497 0.047422 0.070495
1 0.128018 0.423848 0.047422 0.070508
1 0.909531 0.374401 0.037500 0.064010
1 0.835664 0.373854 0.037500 0.064010
1 0.794473 0.373854 0.037500 0.064010
1 0.686240 0.370065 0.037500 0.064010
1 0.643057 0.366478 0.037500 0.068893
2 0.602715 0.361178 0.036367 0.083294
1 0.565215 0.365892 0.037500 0.068893
2 0.524028 0.356771 0.036357 0.092448
2 0.267500 0.344688 0.036367 0.092448
2 0.177163 0.345443 0.036357 0.092448
1 0.221479 0.352259 0.037490 0.073477
1 0.135117 0.349603 0.037500 0.073477
1 0.873999 0.561751 0.038643 0.067044
1 0.911777 0.560039 0.038633 0.067031
1 0.439941 0.362480 0.037500 0.073477
1 0.482549 0.365124 0.037500 0.073477
2 0.759531 0.369681 0.036367 0.077643
2 0.723457 0.368717 0.036367 0.077643
1 0.566357 0.432181 0.038379 0.056940
1 0.605840 0.431426 0.038379 0.056940
1 0.645898 0.434453 0.038379 0.056927
1 0.684248 0.435586 0.038379 0.056927
1 0.723740 0.436348 0.038379 0.056940
1 0.760664 0.436348 0.038379 0.056940
1 0.839058 0.559486 0.038643 0.067044
1 0.397612 0.498079 0.043779 0.067044
1 0.353579 0.497702 0.043779 0.067044
1 0.353574 0.359453 0.037500 0.073464
1 0.835381 0.434831 0.038379 0.056927
1 0.797031 0.435964 0.038379 0.056927
2 0.399316 0.351120 0.036367 0.092448
2 0.311533 0.348470 0.036367 0.092461
1 0.309263 0.566647 0.043779 0.067044
1 0.524595 0.563236 0.038643 0.067044
1 0.525449 0.497324 0.038633 0.067044
1 0.482837 0.563991 0.042041 0.067044
1 0.483687 0.496191 0.042041 0.067044
1 0.218921 0.567025 0.043779 0.067044
1 0.220913 0.496947 0.043779 0.067044
1 0.173198 0.567780 0.047178 0.067044
1 0.175742 0.493926 0.047168 0.067044
1 0.124893 0.568158 0.047168 0.067044
1 0.127163 0.495059 0.047178 0.067044
1 0.909912 0.437253 0.038379 0.059922
1 0.874580 0.435365 0.038379 0.056927
1 0.441074 0.430286 0.041777 0.056927
1 0.397896 0.430117 0.041768 0.062578
1 0.353862 0.428216 0.041768 0.070495
1 0.311255 0.426875 0.041768 0.070495
1 0.267505 0.425365 0.041768 0.070495
1 0.222334 0.424609 0.045176 0.070495
1 0.684517 0.561758 0.038643 0.067031
1 0.723721 0.496608 0.038633 0.067044
1 0.761504 0.498503 0.038633 0.067031
1 0.798149 0.497363 0.038643 0.067044
1 0.724854 0.561758 0.038633 0.067031
1 0.762354 0.561751 0.038633 0.067044
1 0.800703 0.561374 0.038633 0.067044
1 0.837637 0.496986 0.038633 0.067044
1 0.874570 0.498118 0.038633 0.067044
1 0.645898 0.562858 0.038633 0.067044
1 0.912920 0.498118 0.038633 0.067044
1 0.606694 0.564368 0.038643 0.067044
1 0.566641 0.564368 0.038633 0.067044
1 0.684814 0.497715 0.038633 0.067044
1 0.646465 0.496569 0.038633 0.067044
1 0.606123 0.497702 0.039785 0.067044
1 0.567490 0.496569 0.038633 0.067044
