0 0.160059 0.353919 0.028477 0.038021
0 0.160552 0.388607 0.028467 0.038021
0 0.158096 0.420026 0.028477 0.038021
0 0.155889 0.450781 0.029941 0.038021
0 0.155400 0.480241 0.029941 0.038034
0 0.153682 0.510352 0.029941 0.038021
0 0.162495 0.321875 0.028467 0.038021
1 0.505645 0.300247 0.029941 0.068724
1 0.504663 0.236758 0.029951 0.068724
1 0.539502 0.489727 0.039277 0.067422
1 0.540991 0.423288 0.039268 0.067409
1 0.539517 0.362422 0.039268 0.067422
1 0.540498 0.298275 0.039277 0.067409
1 0.539028 0.230866 0.039268 0.067409
1 0.602842 0.490059 0.039277 0.067409
1 0.603823 0.422643 0.039268 0.067422
1 0.603823 0.361771 0.039268 0.067422
1 0.604316 0.300247 0.039277 0.067422
1 0.604810 0.235449 0.039268 0.067409
1 0.569692 0.491361 0.027979 0.060221
1 0.570674 0.429186 0.026016 0.066758
1 0.571899 0.364720 0.027490 0.066107
1 0.573374 0.302865 0.030439 0.069375
1 0.570674 0.235768 0.026016 0.068724
1 0.633018 0.487441 0.032891 0.065456
1 0.634487 0.424277 0.029951 0.066107
1 0.635713 0.370605 0.029453 0.059570
1 0.633506 0.307773 0.033867 0.067422
1 0.634736 0.237409 0.029453 0.069375
1 0.668364 0.488092 0.038779 0.068060
1 0.669116 0.422643 0.038779 0.068073
1 0.669604 0.365039 0.038779 0.068073
1 0.670093 0.302865 0.038779 0.068073
1 0.671079 0.238060 0.038779 0.068073
1 0.729985 0.484818 0.038779 0.068073
1 0.728511 0.426563 0.038779 0.068073
1 0.729497 0.367656 0.038779 0.068073
1 0.730972 0.309401 0.038779 0.068073
1 0.732441 0.244609 0.038789 0.068073
1 0.698794 0.488750 0.030928 0.062839
1 0.696836 0.427878 0.026016 0.062839
1 0.697080 0.369297 0.025527 0.068724
1 0.699531 0.239375 0.026504 0.062839
2 0.777827 0.423294 0.064307 0.044505
2 0.777114 0.351289 0.064307 0.044505
2 0.777603 0.278646 0.064307 0.044505
2 0.772676 0.460599 0.061855 0.030104
2 0.772427 0.387624 0.057432 0.030768
2 0.773901 0.314316 0.054482 0.034701
2 0.772197 0.240026 0.056973 0.035339
2 0.777476 0.497975 0.060342 0.042721
0 0.187061 0.514271 0.029941 0.038021
0 0.185586 0.480234 0.029941 0.038021
0 0.186079 0.449479 0.029932 0.038021
0 0.188535 0.418711 0.029941 0.038021
0 0.189512 0.387292 0.029941 0.038021
0 0.190986 0.359154 0.029941 0.038021
0 0.194424 0.323151 0.029941 0.038021
0 0.219458 0.512311 0.029932 0.038034
0 0.218477 0.481549 0.029941 0.038021
0 0.217988 0.453405 0.029941 0.038034
0 0.219458 0.422643 0.029932 0.038021
0 0.220439 0.390573 0.029941 0.038021
0 0.220439 0.356536 0.029941 0.038021
0 0.247441 0.514271 0.029941 0.038021
0 0.247441 0.482201 0.029941 0.038021
0 0.249404 0.451439 0.029941 0.038034
0 0.247930 0.421986 0.029941 0.038034
0 0.247441 0.396458 0.029941 0.038021
0 0.249404 0.357839 0.029941 0.038021
0 0.279346 0.511654 0.029941 0.038021
0 0.278364 0.481549 0.029932 0.038021
0 0.277876 0.452096 0.029932 0.038021
0 0.277383 0.423945 0.029941 0.038021
0 0.278364 0.394492 0.029932 0.038021
0 0.281309 0.359154 0.029941 0.038021
0 0.284746 0.323809 0.029941 0.038034
3 0.325718 0.420020 0.046631 0.213372
3 0.366216 0.422311 0.038291 0.210091
1 0.357134 0.295332 0.038779 0.067409
1 0.470776 0.489401 0.041240 0.072005
1 0.471284 0.421986 0.041240 0.071992
1 0.473735 0.359147 0.041240 0.071992
1 0.473735 0.293698 0.041240 0.072005
1 0.401816 0.490371 0.038789 0.070065
1 0.402559 0.422637 0.038789 0.070065
1 0.403052 0.360462 0.038799 0.070065
1 0.400591 0.293040 0.038799 0.070065
1 0.433467 0.489727 0.033379 0.068724
1 0.435942 0.423945 0.033389 0.068724
1 0.434473 0.359805 0.033379 0.068724
1 0.436436 0.293698 0.033379 0.068724
1 0.473477 0.221374 0.039766 0.071341
1 0.505381 0.489727 0.029941 0.068724
1 0.505156 0.427227 0.029941 0.068724
1 0.506138 0.364388 0.029951 0.068724
