0 0.354365 0.649564 0.049082 0.057591
0 0.354116 0.758216 0.052510 0.057604
0 0.302568 0.757559 0.047598 0.057591
0 0.353140 0.541569 0.044678 0.057591
0 0.353384 0.595241 0.050068 0.057591
0 0.395361 0.439466 0.044668 0.057604
0 0.351670 0.440775 0.044668 0.057591
0 0.351670 0.490514 0.044668 0.057591
0 0.447651 0.755924 0.049580 0.058255
0 0.446899 0.696693 0.049580 0.058255
0 0.446899 0.643021 0.049580 0.058255
0 0.446899 0.593932 0.049580 0.058255
0 0.446899 0.544199 0.049580 0.052982
0 0.442974 0.491829 0.049580 0.058242
0 0.440522 0.438815 0.049580 0.058255
0 0.402490 0.755592 0.044668 0.057591
0 0.400757 0.697350 0.044678 0.057591
0 0.402231 0.644336 0.044678 0.057604
0 0.402231 0.590007 0.044678 0.057591
0 0.399287 0.541576 0.044668 0.057604
0 0.398306 0.490514 0.044678 0.057591
0 0.305049 0.445352 0.043203 0.053672
0 0.263306 0.760182 0.044678 0.057604
0 0.262588 0.700618 0.037793 0.056289
0 0.263081 0.652839 0.042705 0.058906
0 0.263081 0.602760 0.038779 0.058255
0 0.261851 0.556953 0.039268 0.049089
0 0.261606 0.505898 0.040752 0.054323
0 0.305542 0.494440 0.045166 0.052370
0 0.262339 0.454186 0.042217 0.058242
0 0.304805 0.703887 0.052520 0.056289
0 0.304536 0.649896 0.049131 0.049089
0 0.306255 0.594258 0.048643 0.062187
0 0.305762 0.543535 0.046680 0.056289
0 0.491807 0.439792 0.045703 0.059557
0 0.492549 0.491491 0.042266 0.056940
0 0.494023 0.540586 0.042266 0.055625
0 0.495244 0.590000 0.041777 0.065443
0 0.495737 0.644655 0.043740 0.059570
0 0.495737 0.695378 0.044717 0.058906
0 0.496719 0.753301 0.044727 0.055638
0 0.549517 0.441413 0.046143 0.051029
0 0.550972 0.491829 0.046143 0.051029
0 0.549497 0.542227 0.046143 0.051042
0 0.552446 0.593275 0.046143 0.051029
0 0.551948 0.644980 0.046143 0.051029
0 0.553423 0.694069 0.046143 0.051029
0 0.552935 0.753639 0.046143 0.051029
0 0.601528 0.753639 0.046143 0.051029
0 0.600552 0.696035 0.046143 0.051029
0 0.596626 0.645339 0.046143 0.051615
0 0.596133 0.593932 0.046152 0.051615
0 0.596133 0.543529 0.046152 0.051615
0 0.598096 0.493138 0.046152 0.051615
0 0.598589 0.444049 0.046143 0.051615
0 0.642769 0.438815 0.046143 0.051615
0 0.646694 0.492487 0.046143 0.051615
0 0.647676 0.542227 0.046152 0.051615
0 0.651606 0.592624 0.046143 0.051628
0 0.655044 0.642370 0.046143 0.051615
0 0.660444 0.749707 0.046143 0.051628
0 0.681074 0.445677 0.037305 0.049089
0 0.683037 0.497383 0.033379 0.049089
0 0.683037 0.545820 0.032402 0.047786
0 0.688193 0.593926 0.035840 0.051055
0 0.690400 0.643346 0.036328 0.053021
0 0.695210 0.695469 0.032725 0.059453
0 0.696851 0.749740 0.031904 0.050182
0 0.354619 0.331842 0.048301 0.042409
0 0.306909 0.332240 0.042412 0.033776
