2 0.063149 0.515000 0.078408 0.030443
2 0.071265 0.431185 0.072529 0.023073
2 0.063320 0.387663 0.066309 0.037357
2 0.062109 0.470788 0.076328 0.051628
2 0.061421 0.556673 0.081162 0.048398
2 0.058486 0.598359 0.082207 0.033203
2 0.061245 0.641413 0.091182 0.050247
1 0.474814 0.402832 0.038984 0.069727
1 0.433496 0.401940 0.038984 0.068854
1 0.392695 0.400612 0.039336 0.071510
1 0.349546 0.398607 0.042314 0.069297
1 0.306914 0.397617 0.040332 0.074401
1 0.264102 0.397839 0.040332 0.073073
1 0.221875 0.396504 0.040820 0.077513
1 0.177222 0.396172 0.043799 0.072396
1 0.943018 0.486862 0.038535 0.067109
1 0.875557 0.477708 0.037480 0.042448
1 0.835493 0.476491 0.039639 0.043555
1 0.794351 0.475937 0.039639 0.044219
1 0.750625 0.471270 0.019824 0.058424
1 0.718564 0.471491 0.040977 0.057539
1 0.677407 0.472376 0.037959 0.057982
1 0.637173 0.471380 0.037764 0.055104
1 0.597383 0.472376 0.038145 0.057982
1 0.556494 0.471719 0.040645 0.060208
1 0.514917 0.470488 0.039111 0.058216
1 0.473120 0.471380 0.040811 0.059089
1 0.431646 0.471491 0.039482 0.060664
1 0.390337 0.470599 0.040479 0.058437
1 0.343037 0.468939 0.032480 0.061315
1 0.303389 0.468158 0.041484 0.061549
1 0.261167 0.467383 0.038643 0.058203
1 0.218354 0.466602 0.043643 0.058880
1 0.175044 0.466829 0.038975 0.063320
1 0.124243 0.534902 0.042979 0.059102
1 0.168154 0.534010 0.041777 0.061771
1 0.212944 0.533900 0.042139 0.061549
1 0.388091 0.535788 0.039971 0.061315
1 0.301226 0.536009 0.041475 0.059102
1 0.337539 0.536009 0.026152 0.060430
1 0.717251 0.402832 0.040479 0.067513
1 0.755474 0.404388 0.033975 0.067969
1 0.257500 0.535339 0.041641 0.063984
1 0.677939 0.404824 0.037813 0.066628
1 0.637886 0.404609 0.037002 0.068854
1 0.597158 0.403724 0.038828 0.069740
1 0.557012 0.405163 0.038828 0.068633
1 0.516118 0.402389 0.037646 0.068841
1 0.515015 0.599525 0.040303 0.054648
1 0.556821 0.597526 0.038975 0.056432
1 0.430229 0.536680 0.039971 0.057318
1 0.472788 0.536120 0.039814 0.059766
1 0.514849 0.535566 0.039971 0.058216
1 0.555908 0.535566 0.039141 0.059544
1 0.596802 0.535677 0.039639 0.060208
1 0.638027 0.534674 0.039141 0.060885
1 0.678335 0.535677 0.037139 0.059766
1 0.718813 0.535566 0.039482 0.058216
1 0.598716 0.598639 0.040146 0.052878
1 0.752041 0.534010 0.023320 0.060885
1 0.797183 0.532786 0.038311 0.059766
1 0.298975 0.599303 0.042305 0.060430
1 0.877637 0.535234 0.038320 0.058880
1 0.915825 0.528359 0.039561 0.069063
1 0.924526 0.594199 0.042471 0.054206
1 0.881968 0.594310 0.039307 0.053099
1 0.841172 0.595749 0.039336 0.053763
1 0.799932 0.596309 0.040137 0.053555
1 0.755039 0.597083 0.023320 0.055990
1 0.721416 0.597637 0.041348 0.057982
1 0.679668 0.597305 0.038145 0.055990
1 0.639697 0.597083 0.038145 0.057318
1 0.682832 0.664928 0.038145 0.063320
1 0.641611 0.666823 0.040645 0.061328
1 0.599736 0.668483 0.040098 0.062878
1 0.557993 0.668600 0.038643 0.061758
1 0.516348 0.669818 0.040977 0.062422
1 0.473203 0.670482 0.041641 0.061536
1 0.429829 0.669720 0.040479 0.059753
1 0.386924 0.670156 0.041973 0.063542
1 0.336870 0.668483 0.031807 0.057539
1 0.297842 0.670273 0.042949 0.061302
1 0.253086 0.671374 0.043477 0.062435
1 0.723979 0.664375 0.040146 0.062656
1 0.759541 0.664049 0.029980 0.061094
1 0.803760 0.662272 0.038809 0.063320
1 0.845405 0.662161 0.040146 0.063099
1 0.886987 0.661042 0.039600 0.063542
1 0.928105 0.658724 0.039023 0.061745
1 0.837495 0.534342 0.038311 0.057982
1 0.339121 0.598639 0.033984 0.059987
1 0.387588 0.599974 0.041309 0.057760
1 0.429399 0.598750 0.039307 0.058437
1 0.471792 0.599421 0.042139 0.056211
1 0.207783 0.668379 0.044141 0.059987
1 0.161641 0.671152 0.044805 0.063763
1 0.116748 0.668711 0.046309 0.060208
1 0.119746 0.601419 0.043633 0.069089
1 0.164556 0.602415 0.042979 0.066654
1 0.210278 0.600970 0.043135 0.066419
1 0.254751 0.599746 0.042803 0.059102
