1 0.457334 0.341367 0.037500 0.060000
1 0.461084 0.275898 0.037500 0.066380
1 0.415400 0.523633 0.037500 0.060000
1 0.377217 0.524089 0.037500 0.060000
1 0.415400 0.462721 0.037500 0.060000
1 0.376875 0.462721 0.037500 0.060000
1 0.416084 0.400911 0.037500 0.060000
1 0.376880 0.400456 0.037490 0.060000
1 0.417100 0.340000 0.037500 0.060000
1 0.379268 0.340000 0.037500 0.060000
1 0.420176 0.275475 0.037500 0.066315
1 0.380967 0.272741 0.037500 0.069961
2 0.322007 0.528385 0.068857 0.044089
2 0.324038 0.455449 0.068857 0.044102
2 0.323354 0.378177 0.068857 0.044089
2 0.325571 0.304557 0.067158 0.043229
2 0.325205 0.341797 0.064473 0.028646
2 0.327798 0.264342 0.060674 0.030456
2 0.322686 0.416615 0.063398 0.025000
2 0.325410 0.493431 0.059316 0.029544
2 0.266099 0.263392 0.060674 0.030456
2 0.265928 0.303158 0.052832 0.045456
2 0.267461 0.339753 0.053867 0.035000
2 0.262515 0.377747 0.058291 0.042734
2 0.263027 0.417018 0.059316 0.032266
2 0.261328 0.454290 0.058633 0.039544
2 0.264390 0.489290 0.063408 0.033190
2 0.261328 0.529967 0.058633 0.043633
1 0.454604 0.401816 0.037490 0.059987
1 0.453584 0.462721 0.037500 0.060000
1 0.453926 0.523633 0.037500 0.060000
1 0.612100 0.279115 0.037500 0.068125
1 0.724595 0.468633 0.037490 0.060000
1 0.725273 0.410000 0.037500 0.060000
1 0.723574 0.348633 0.037500 0.060000
1 0.726641 0.283867 0.037500 0.065911
1 0.685049 0.527266 0.037500 0.060000
1 0.687441 0.465905 0.037500 0.059987
1 0.687100 0.405456 0.037500 0.060000
1 0.686074 0.345456 0.037500 0.060000
1 0.689141 0.280221 0.037500 0.069557
1 0.646187 0.525456 0.037490 0.060000
1 0.648916 0.465000 0.037500 0.060000
1 0.648916 0.403633 0.037500 0.060000
1 0.648916 0.344544 0.037500 0.060000
1 0.650283 0.279310 0.037500 0.069557
1 0.801641 0.468177 0.037500 0.060000
1 0.608008 0.525456 0.037500 0.060000
1 0.606982 0.464089 0.037500 0.060000
1 0.608691 0.404544 0.037500 0.060000
1 0.611416 0.343633 0.037500 0.060000
1 0.723906 0.528177 0.037500 0.060000
1 0.570508 0.524993 0.037500 0.059987
1 0.571191 0.466810 0.037500 0.060000
3 0.839487 0.463607 0.040225 0.186354
3 0.878184 0.465905 0.037187 0.186367
2 0.914312 0.390482 0.038525 0.139089
2 0.949951 0.486810 0.031738 0.139089
2 0.961030 0.358861 0.052549 0.123190
1 0.876641 0.346797 0.037500 0.060000
1 0.839136 0.340000 0.037490 0.060000
1 0.801641 0.527721 0.037500 0.060000
1 0.569824 0.403633 0.037500 0.060000
1 0.571875 0.343639 0.037500 0.059987
1 0.574941 0.278438 0.037500 0.068594
1 0.531992 0.524089 0.037500 0.060000
1 0.532329 0.464089 0.037490 0.060000
1 0.531992 0.403177 0.037500 0.060000
1 0.534033 0.343184 0.037500 0.059987
1 0.537441 0.278177 0.037500 0.067292
1 0.493125 0.522266 0.037500 0.060000
1 0.494487 0.464544 0.037490 0.060000
1 0.494487 0.402728 0.037490 0.059987
1 0.495171 0.340911 0.037490 0.060000
1 0.496875 0.277754 0.037500 0.063581
1 0.800957 0.410000 0.037500 0.060000
1 0.801641 0.351367 0.037500 0.060000
1 0.805391 0.288184 0.037500 0.059987
1 0.765498 0.282988 0.037500 0.064935
1 0.763457 0.344544 0.037500 0.060000
1 0.763115 0.408184 0.037500 0.059987
1 0.765161 0.469544 0.037490 0.060000
1 0.763115 0.525456 0.037500 0.060000
