1 0.827007 0.359870 0.022354 0.049245
1 0.795063 0.297500 0.034775 0.052813
1 0.826411 0.297337 0.026025 0.052487
1 0.759126 0.297337 0.035264 0.051836
1 0.721084 0.296367 0.025762 0.051849
1 0.197378 0.358333 0.036104 0.049245
1 0.690210 0.294746 0.034053 0.053789
1 0.655215 0.294915 0.033555 0.055404
1 0.620103 0.295397 0.032822 0.053789
1 0.583774 0.296855 0.035986 0.057357
1 0.544287 0.298314 0.031855 0.057018
1 0.513545 0.300228 0.025781 0.055143
1 0.406631 0.361172 0.034531 0.055729
1 0.442471 0.360684 0.033809 0.054102
1 0.476733 0.360195 0.030889 0.053776
1 0.515249 0.361009 0.029678 0.056706
1 0.548662 0.359382 0.033320 0.055404
1 0.584263 0.359388 0.033564 0.053464
1 0.619868 0.360033 0.033291 0.053451
1 0.654731 0.358418 0.032100 0.054753
1 0.689355 0.358092 0.032344 0.055404
1 0.719614 0.359388 0.023350 0.053464
1 0.758491 0.361172 0.033076 0.051198
1 0.829458 0.419486 0.026240 0.046654
1 0.795684 0.419329 0.034023 0.048919
1 0.759966 0.419160 0.031592 0.047305
1 0.719502 0.419492 0.024062 0.045365
1 0.689370 0.419160 0.032803 0.047305
1 0.654619 0.419329 0.031836 0.049570
1 0.621333 0.419167 0.032803 0.049245
1 0.585127 0.419160 0.034746 0.047956
1 0.548433 0.418997 0.034268 0.047630
1 0.515630 0.418997 0.028916 0.047630
1 0.478086 0.418353 0.028672 0.045039
1 0.445034 0.418190 0.034014 0.046016
1 0.410161 0.418034 0.032803 0.047630
1 0.375049 0.418190 0.032070 0.045365
1 0.339316 0.418522 0.033555 0.047305
1 0.303960 0.418034 0.033799 0.046328
1 0.274556 0.418034 0.021162 0.047630
1 0.233247 0.418678 0.032822 0.046992
2 0.273804 0.348379 0.024814 0.076445
2 0.303936 0.346087 0.031621 0.083633
3 0.197993 0.467318 0.035928 0.154167
3 0.160688 0.469355 0.035928 0.155638
2 0.235420 0.347064 0.024785 0.075846
1 0.160693 0.361654 0.031543 0.044818
2 0.336865 0.349811 0.028457 0.079414
2 0.372461 0.350137 0.031133 0.080716
1 0.796035 0.360521 0.036230 0.051198
1 0.688325 0.526087 0.032139 0.055638
1 0.232153 0.470195 0.029678 0.048281
1 0.274678 0.470033 0.021895 0.049258
1 0.304326 0.471003 0.034043 0.049245
1 0.339561 0.471172 0.031621 0.052813
1 0.375889 0.471328 0.032832 0.051849
1 0.410640 0.470521 0.033311 0.052161
1 0.445630 0.470521 0.031865 0.052813
1 0.478193 0.472461 0.029434 0.048281
1 0.515732 0.470684 0.030645 0.051836
1 0.549995 0.470684 0.033076 0.052487
1 0.585210 0.471491 0.033115 0.052174
1 0.620347 0.472949 0.031865 0.053138
1 0.653154 0.470840 0.031855 0.050872
1 0.685576 0.472135 0.030605 0.050859
1 0.717192 0.471003 0.018955 0.054427
1 0.757275 0.471328 0.033555 0.051849
1 0.792266 0.472624 0.030156 0.053789
1 0.827520 0.472135 0.025742 0.052161
1 0.830186 0.526243 0.029160 0.050221
1 0.793374 0.527044 0.031826 0.051224
1 0.758140 0.525924 0.032803 0.053464
1 0.717109 0.526732 0.018711 0.053724
1 0.653672 0.527370 0.033340 0.051172
1 0.619849 0.524980 0.031416 0.043815
1 0.585186 0.523216 0.033105 0.049245
1 0.550649 0.522897 0.029268 0.049883
1 0.516826 0.523060 0.030703 0.048932
1 0.478569 0.523854 0.028545 0.051172
1 0.445029 0.526732 0.032793 0.056849
1 0.410669 0.525208 0.032568 0.053776
1 0.375098 0.525970 0.031660 0.053763
1 0.338687 0.526354 0.030225 0.054531
1 0.305005 0.524993 0.032529 0.056497
1 0.274351 0.523835 0.023604 0.054961
1 0.233481 0.521172 0.031670 0.050312
