1 0.335640 0.566380 0.037842 0.061354
1 0.334111 0.504329 0.037832 0.061367
1 0.335815 0.437969 0.037842 0.061354
1 0.337524 0.383424 0.037842 0.061354
1 0.333433 0.319342 0.037842 0.066810
1 0.374160 0.565697 0.039883 0.063633
1 0.375020 0.502962 0.039883 0.063633
1 0.375361 0.439785 0.039883 0.063633
1 0.376045 0.382975 0.039883 0.063633
1 0.372979 0.323431 0.039883 0.063633
1 0.413882 0.567057 0.039893 0.063646
1 0.412520 0.507962 0.039883 0.063633
1 0.414224 0.442962 0.039893 0.063633
1 0.415586 0.384792 0.039883 0.063646
1 0.413887 0.325247 0.039883 0.063646
1 0.452739 0.569544 0.036143 0.051406
1 0.452568 0.505677 0.034434 0.065495
1 0.453423 0.445221 0.032041 0.059141
1 0.453594 0.387272 0.033750 0.060508
1 0.451885 0.327272 0.033750 0.063216
1 0.489043 0.566816 0.035801 0.056862
1 0.488193 0.507949 0.037500 0.062773
1 0.488022 0.445456 0.037842 0.063229
1 0.488877 0.387272 0.036816 0.059596
1 0.487510 0.330684 0.037500 0.061862
1 0.524839 0.565924 0.037842 0.060443
1 0.525361 0.509329 0.035801 0.060456
1 0.524336 0.447962 0.035801 0.060456
1 0.525020 0.389336 0.035801 0.060443
1 0.524336 0.332064 0.035801 0.060456
1 0.559443 0.567051 0.035801 0.060456
1 0.559443 0.507962 0.035801 0.060456
1 0.558765 0.449329 0.035811 0.060456
1 0.561494 0.392513 0.035801 0.060443
1 0.559639 0.332975 0.033457 0.060456
1 0.594561 0.566146 0.035801 0.060443
1 0.594219 0.509329 0.035801 0.060456
1 0.593193 0.450697 0.035801 0.060456
1 0.594561 0.392064 0.035801 0.060456
1 0.591152 0.337975 0.035801 0.060456
1 0.629497 0.567064 0.036475 0.055456
1 0.628647 0.512057 0.036475 0.055443
1 0.663076 0.510241 0.034434 0.059596
1 0.664443 0.564785 0.034434 0.059596
1 0.695806 0.567057 0.034424 0.059583
1 0.695127 0.511146 0.034434 0.059583
1 0.695464 0.398880 0.034424 0.059583
1 0.696147 0.342520 0.034424 0.059596
1 0.729717 0.569336 0.031016 0.052734
1 0.728872 0.512513 0.031025 0.052734
1 0.728188 0.452969 0.031025 0.052734
2 0.825000 0.573424 0.046367 0.038177
2 0.817158 0.541152 0.047734 0.027279
2 0.822100 0.508223 0.048066 0.040404
2 0.818179 0.474792 0.047725 0.027266
2 0.818354 0.410703 0.045342 0.025443
2 0.815962 0.345247 0.044658 0.031823
1 0.727852 0.399336 0.031016 0.052734
1 0.627109 0.337292 0.034434 0.061354
1 0.628647 0.393880 0.034424 0.061354
1 0.661714 0.340267 0.034424 0.059570
1 0.629673 0.448424 0.036475 0.055443
1 0.662397 0.395729 0.034424 0.059583
0 0.137734 0.354323 0.031094 0.031094
0 0.129297 0.552292 0.031094 0.031094
0 0.129619 0.584492 0.031094 0.031094
0 0.132075 0.520677 0.031084 0.031094
0 0.132485 0.487949 0.031084 0.031081
0 0.133984 0.465221 0.031094 0.031094
0 0.134668 0.439316 0.031094 0.031081
0 0.135347 0.409316 0.031084 0.031081
0 0.134326 0.381133 0.031094 0.031094
0 0.140801 0.325684 0.031094 0.031081
1 0.171494 0.370677 0.043633 0.071771
1 0.214438 0.372956 0.043643 0.071771
3 0.168608 0.500195 0.039678 0.197448
3 0.212788 0.499115 0.040498 0.197448
1 0.253901 0.567832 0.040088 0.062174
1 0.254731 0.504036 0.040088 0.062187
1 0.256362 0.436953 0.040088 0.062187
1 0.257183 0.373132 0.040088 0.062174
1 0.251460 0.309316 0.040088 0.062174
1 0.298491 0.569199 0.033545 0.056185
1 0.300537 0.503197 0.031094 0.063815
1 0.298911 0.438587 0.033545 0.056185
1 0.298911 0.379134 0.033545 0.056185
1 0.292148 0.316393 0.038867 0.069818
1 0.662739 0.450241 0.034424 0.059596
1 0.696147 0.450241 0.034424 0.059596
1 0.726484 0.346159 0.031016 0.052734
2 0.774375 0.574772 0.055566 0.039128
2 0.771826 0.508424 0.055566 0.039115
2 0.768921 0.541608 0.051475 0.028190
2 0.768750 0.475697 0.053184 0.024544
2 0.768755 0.444564 0.055225 0.037721
2 0.768921 0.411159 0.051475 0.030911
2 0.769600 0.374570 0.056250 0.035911
