1 0.152075 0.530944 0.032568 0.056029
1 0.200981 0.532096 0.036553 0.052969
1 0.244736 0.530749 0.034824 0.051810
1 0.283418 0.535430 0.037988 0.061016
1 0.323745 0.535163 0.037412 0.060638
1 0.364478 0.535358 0.038857 0.058711
1 0.404912 0.532858 0.037422 0.057565
1 0.444492 0.529987 0.035977 0.051042
1 0.285449 0.345391 0.038027 0.061016
1 0.243569 0.345768 0.036592 0.057943
1 0.326479 0.273620 0.037705 0.062552
1 0.409375 0.277266 0.035977 0.059870
0 0.890317 0.542734 0.024209 0.020807
0 0.869995 0.541921 0.015010 0.020299
0 0.852505 0.542904 0.018408 0.019922
0 0.833018 0.543405 0.020605 0.018919
0 0.810825 0.543939 0.021807 0.017852
0 0.890781 0.519824 0.024199 0.024518
0 0.870591 0.519154 0.015010 0.022109
0 0.853203 0.519824 0.017813 0.023451
0 0.833115 0.521289 0.020801 0.024245
0 0.810728 0.521289 0.022002 0.024792
0 0.891279 0.494772 0.023203 0.024518
0 0.855303 0.494102 0.020801 0.025859
0 0.811929 0.496230 0.023604 0.023190
0 0.834414 0.495039 0.019805 0.025052
0 0.890483 0.470247 0.023213 0.025052
0 0.890181 0.443197 0.024209 0.019987
0 0.890684 0.420547 0.022012 0.023724
0 0.812026 0.471712 0.025010 0.025326
0 0.836265 0.469102 0.021807 0.023802
0 0.857305 0.469850 0.020410 0.022643
0 0.861802 0.442135 0.021006 0.022656
0 0.839136 0.442253 0.022803 0.022344
0 0.814146 0.442695 0.025205 0.021641
0 0.866099 0.418275 0.021611 0.026654
0 0.843169 0.414915 0.024404 0.029076
0 0.870669 0.392428 0.022002 0.026576
1 0.199961 0.406068 0.036836 0.062943
1 0.239683 0.407891 0.035811 0.062943
1 0.154790 0.268815 0.039717 0.066016
1 0.201943 0.268112 0.042598 0.064349
1 0.245024 0.268379 0.038857 0.063060
1 0.446782 0.347305 0.038311 0.058724
1 0.486499 0.348262 0.037158 0.060638
1 0.521758 0.348457 0.029961 0.061029
1 0.565225 0.349421 0.031113 0.060638
1 0.600913 0.350957 0.035146 0.062174
1 0.777368 0.351335 0.025322 0.063711
1 0.707710 0.416576 0.034541 0.051432
1 0.671587 0.415618 0.035400 0.051055
1 0.635728 0.416465 0.034541 0.051810
1 0.598340 0.414850 0.035117 0.049518
1 0.564370 0.414277 0.029932 0.050664
1 0.522925 0.413509 0.036846 0.051419
1 0.484209 0.413509 0.037129 0.050664
1 0.522334 0.471452 0.035723 0.057565
1 0.563926 0.473952 0.029102 0.051810
1 0.598325 0.472799 0.033994 0.057188
1 0.634736 0.473568 0.035430 0.057188
1 0.671147 0.473952 0.033994 0.054883
1 0.707266 0.472995 0.034277 0.054505
1 0.707134 0.531517 0.034541 0.057956
1 0.670586 0.528444 0.033965 0.047201
1 0.634746 0.528444 0.034258 0.047201
1 0.597759 0.528255 0.035693 0.049115
1 0.564658 0.527682 0.027637 0.051042
1 0.522061 0.527487 0.038574 0.048359
1 0.482485 0.528639 0.035400 0.049883
3 0.744180 0.475814 0.037988 0.169284
3 0.774980 0.475430 0.021875 0.165443
2 0.705513 0.342995 0.033896 0.081094
2 0.748369 0.341139 0.033594 0.085169
2 0.636602 0.341862 0.031484 0.080599
2 0.669775 0.343457 0.030762 0.081107
0 0.848027 0.389355 0.020410 0.027435
0 0.823818 0.393451 0.024922 0.031406
0 0.819126 0.420814 0.020811 0.023190
0 0.870195 0.497695 0.009414 0.017057
0 0.871895 0.470918 0.010820 0.025326
0 0.889453 0.392858 0.018750 0.027982
1 0.449961 0.278034 0.039434 0.060625
1 0.367783 0.276309 0.039141 0.058711
1 0.292661 0.273809 0.025908 0.059102
1 0.200107 0.344238 0.040605 0.058711
1 0.326182 0.343470 0.038887 0.060247
1 0.367070 0.346152 0.039414 0.061784
1 0.407061 0.346732 0.037734 0.061406
1 0.445356 0.412357 0.036553 0.049896
1 0.405059 0.412194 0.037129 0.052513
1 0.364902 0.411589 0.037422 0.053724
1 0.324468 0.413125 0.038857 0.052969
1 0.282725 0.412734 0.039434 0.056797
1 0.153491 0.343854 0.032529 0.055651
1 0.155073 0.404681 0.036846 0.062930
1 0.154775 0.470879 0.035723 0.061784
1 0.200537 0.472611 0.033418 0.059102
1 0.241411 0.472415 0.040322 0.057174
1 0.282568 0.472611 0.038594 0.056029
1 0.323154 0.472227 0.038594 0.059870
1 0.364463 0.472220 0.037734 0.060638
1 0.404321 0.470690 0.038604 0.058333
1 0.444185 0.470879 0.039463 0.057956
1 0.484341 0.471647 0.037451 0.057956
