1 0.493188 0.307708 0.039795 0.069792
1 0.612251 0.566139 0.036846 0.061706
1 0.571396 0.566159 0.038984 0.061224
1 0.247769 0.428802 0.039795 0.063125
1 0.290181 0.426921 0.039795 0.063138
1 0.329771 0.429753 0.039795 0.063125
1 0.368647 0.431634 0.039795 0.063138
1 0.816099 0.374141 0.039795 0.063125
1 0.774399 0.377910 0.039795 0.063138
1 0.734810 0.374141 0.039795 0.063125
1 0.693101 0.373203 0.039795 0.063125
1 0.657056 0.374141 0.039795 0.063125
1 0.615581 0.373366 0.039795 0.063138
1 0.573442 0.374596 0.039795 0.065078
1 0.532251 0.373685 0.039795 0.065078
1 0.492007 0.372734 0.039795 0.065078
1 0.451050 0.370833 0.039795 0.065078
1 0.410806 0.369258 0.039795 0.065078
1 0.369380 0.367057 0.039795 0.065078
1 0.329136 0.368320 0.039795 0.065078
1 0.290073 0.364844 0.039795 0.065078
1 0.249116 0.365156 0.039795 0.065078
1 0.815854 0.309609 0.039795 0.065078
1 0.775142 0.311185 0.039795 0.065078
1 0.734419 0.312760 0.039795 0.065078
1 0.695356 0.310410 0.039795 0.069779
1 0.654399 0.310553 0.039795 0.069779
1 0.615581 0.308652 0.039795 0.069779
1 0.574170 0.306445 0.042676 0.069792
1 0.534849 0.306764 0.039795 0.069779
1 0.451753 0.305814 0.039795 0.069779
1 0.413169 0.303926 0.039795 0.069779
1 0.370083 0.302663 0.039795 0.069779
1 0.328892 0.303288 0.039795 0.069779
1 0.290073 0.301081 0.039795 0.069792
1 0.247935 0.301400 0.039795 0.069779
1 0.245962 0.493490 0.039795 0.063125
1 0.287275 0.493652 0.039551 0.062174
1 0.328350 0.495072 0.039316 0.063138
1 0.368828 0.495703 0.038379 0.063125
1 0.410259 0.496172 0.039795 0.062813
1 0.451099 0.497754 0.037666 0.061549
0 0.209404 0.573379 0.027266 0.032279
0 0.209077 0.544518 0.027275 0.032266
0 0.210439 0.515430 0.027266 0.032266
0 0.212144 0.487246 0.027275 0.032279
0 0.213164 0.459974 0.027266 0.032266
0 0.215210 0.430885 0.027275 0.032266
0 0.216577 0.405430 0.027275 0.032266
0 0.215210 0.374069 0.027275 0.032279
0 0.189644 0.374069 0.027275 0.032279
0 0.189644 0.404069 0.027275 0.032279
0 0.187598 0.433158 0.027266 0.032279
0 0.186235 0.460885 0.027275 0.032266
0 0.185552 0.485885 0.027275 0.032266
0 0.182827 0.516335 0.027275 0.032279
0 0.181802 0.544974 0.027275 0.032266
0 0.181118 0.573151 0.027275 0.032266
0 0.163057 0.372253 0.027266 0.032266
0 0.162373 0.402702 0.027266 0.032279
0 0.161011 0.429974 0.027275 0.032266
0 0.159985 0.459062 0.027275 0.032266
0 0.157603 0.486335 0.027275 0.032279
0 0.156919 0.514974 0.027275 0.032266
0 0.155215 0.546790 0.027266 0.032279
0 0.156235 0.574518 0.027275 0.032266
0 0.138169 0.368613 0.027275 0.032279
0 0.136465 0.400885 0.027266 0.032266
1 0.243599 0.557565 0.039326 0.059974
1 0.285977 0.557884 0.038848 0.061862
1 0.326812 0.558991 0.039561 0.062174
1 0.367529 0.559622 0.039082 0.062187
1 0.408804 0.560423 0.039307 0.061732
1 0.450645 0.561536 0.037500 0.062135
1 0.490020 0.563568 0.038652 0.062031
1 0.530708 0.564564 0.038818 0.060898
1 0.692344 0.568262 0.039277 0.063164
1 0.651978 0.567604 0.037939 0.062370
1 0.491040 0.499805 0.037783 0.063255
1 0.531724 0.500430 0.038350 0.062917
1 0.571924 0.501549 0.038633 0.063646
1 0.612939 0.502728 0.037832 0.062461
1 0.652803 0.503555 0.039473 0.064115
1 0.693013 0.503542 0.039053 0.063411
1 0.733770 0.504375 0.039062 0.063411
1 0.774463 0.505286 0.039062 0.063411
1 0.814443 0.505085 0.037910 0.061992
1 0.814077 0.441816 0.039287 0.061758
1 0.773857 0.442064 0.038340 0.061992
1 0.732676 0.440990 0.038340 0.061979
1 0.693315 0.439642 0.038271 0.062617
1 0.653447 0.439264 0.039082 0.062904
1 0.613228 0.439225 0.037256 0.063451
1 0.571611 0.438145 0.039082 0.061289
1 0.531313 0.437747 0.038682 0.061562
1 0.491221 0.436797 0.039082 0.062917
1 0.451426 0.435046 0.038477 0.062096
1 0.410220 0.433424 0.039482 0.061016
0 0.135103 0.429518 0.027275 0.032266
0 0.132715 0.456341 0.027266 0.032266
0 0.130669 0.483607 0.027275 0.032266
0 0.128281 0.517246 0.027266 0.032279
0 0.126577 0.545879 0.027275 0.032279
0 0.125894 0.578607 0.027275 0.032266
0 0.099985 0.573151 0.027275 0.032266
0 0.100327 0.544063 0.027275 0.032266
0 0.101011 0.515430 0.027275 0.032266
0 0.103057 0.486335 0.027266 0.032279
0 0.105786 0.459062 0.027275 0.032266
0 0.108169 0.432702 0.027275 0.032279
0 0.110220 0.405430 0.027275 0.032266
0 0.110562 0.373613 0.027275 0.032279
0 0.084648 0.369518 0.027266 0.032266
0 0.081919 0.403607 0.027275 0.032266
0 0.077148 0.430430 0.027266 0.032266
0 0.077148 0.459062 0.027266 0.032266
0 0.074419 0.485430 0.027275 0.032266
0 0.074419 0.514974 0.027275 0.032266
0 0.071694 0.543607 0.027275 0.032266
0 0.071011 0.572240 0.027275 0.032266
1 0.733193 0.569010 0.039766 0.062500
1 0.773237 0.568822 0.038096 0.062122
1 0.813008 0.568822 0.039238 0.063633
