1 0.533716 0.373848 0.031494 0.058477
1 0.454639 0.430241 0.039160 0.062826
1 0.365571 0.425312 0.024463 0.068854
1 0.365825 0.496523 0.024639 0.060078
1 0.414092 0.496543 0.039824 0.061836
1 0.454297 0.496654 0.038477 0.062057
1 0.493066 0.497083 0.036328 0.060312
1 0.493511 0.560306 0.037002 0.061654
1 0.454688 0.560306 0.039648 0.061654
1 0.413413 0.560853 0.040166 0.064154
1 0.366665 0.561875 0.022275 0.062552
3 0.891494 0.501895 0.027051 0.157669
3 0.921992 0.501354 0.031680 0.156589
2 0.316084 0.372734 0.062559 0.028281
2 0.319092 0.411133 0.070625 0.044141
2 0.317583 0.451257 0.067373 0.030378
2 0.319482 0.491146 0.070625 0.046875
2 0.316592 0.532617 0.067988 0.031380
2 0.318481 0.572435 0.071631 0.046432
1 0.414170 0.429661 0.039316 0.063750
1 0.494468 0.309310 0.035088 0.060807
1 0.455996 0.305514 0.037793 0.065716
1 0.416099 0.300645 0.039873 0.068737
1 0.493809 0.369375 0.035625 0.057240
1 0.455908 0.368880 0.037793 0.058333
1 0.415332 0.366797 0.038672 0.060156
1 0.493115 0.430462 0.035449 0.063268
1 0.532100 0.558926 0.034316 0.061055
1 0.569292 0.558470 0.035049 0.061732
1 0.605488 0.557376 0.033555 0.060065
1 0.639687 0.557513 0.030000 0.058516
1 0.676870 0.557227 0.027119 0.057161
1 0.708525 0.556230 0.033340 0.057253
1 0.741157 0.556263 0.030967 0.056536
1 0.771724 0.555781 0.026865 0.055573
1 0.803652 0.555430 0.029805 0.055651
1 0.834819 0.554167 0.028799 0.055729
1 0.833608 0.499655 0.029268 0.052695
1 0.863228 0.554622 0.026865 0.053255
1 0.862651 0.500924 0.027627 0.053151
1 0.803154 0.500456 0.029551 0.052734
1 0.771606 0.498522 0.029248 0.054596
1 0.739941 0.499310 0.031055 0.055911
1 0.706592 0.498815 0.031934 0.055703
1 0.676147 0.498359 0.027119 0.057161
1 0.638003 0.498359 0.030498 0.058516
1 0.604434 0.497904 0.033555 0.056484
1 0.568208 0.498066 0.035049 0.056549
1 0.532471 0.498379 0.034316 0.057174
1 0.531680 0.433796 0.034316 0.058477
1 0.567822 0.435801 0.034082 0.056549
1 0.603369 0.436068 0.033555 0.056484
1 0.636978 0.436882 0.030498 0.055794
1 0.674644 0.437415 0.027119 0.056081
1 0.706494 0.438763 0.030957 0.055703
1 0.738755 0.439036 0.030889 0.055911
1 0.769692 0.441107 0.029248 0.053307
1 0.801250 0.443385 0.029551 0.052734
1 0.831431 0.443607 0.028545 0.052708
1 0.860483 0.444505 0.027627 0.053151
1 0.859966 0.391569 0.026963 0.050586
1 0.830781 0.388939 0.028535 0.053138
1 0.800576 0.387578 0.029551 0.052734
1 0.769375 0.386484 0.027266 0.053698
1 0.738574 0.384427 0.030078 0.051406
1 0.706416 0.381953 0.030957 0.055703
1 0.673237 0.380970 0.031045 0.054909
1 0.638281 0.378978 0.030273 0.055794
1 0.603584 0.377904 0.033555 0.056484
1 0.568027 0.376283 0.033516 0.056549
1 0.533984 0.315501 0.030469 0.053138
1 0.568354 0.317415 0.035557 0.056549
1 0.604204 0.319850 0.033975 0.056497
1 0.638730 0.322012 0.031719 0.055794
1 0.672837 0.322572 0.032256 0.059727
1 0.706045 0.324147 0.030957 0.058451
1 0.738252 0.327129 0.030078 0.057904
1 0.768740 0.327969 0.027949 0.059063
1 0.799810 0.332923 0.029561 0.054128
1 0.830273 0.337383 0.028320 0.045599
1 0.859937 0.340638 0.028564 0.049505
1 0.919980 0.395182 0.029219 0.050573
1 0.890122 0.395417 0.026963 0.045104
1 0.365181 0.362467 0.023545 0.043424
