1 0.566836 0.343327 0.030781 0.049674
1 0.317354 0.286758 0.033613 0.054271
1 0.282422 0.287031 0.034219 0.053724
1 0.244150 0.288379 0.033809 0.054805
1 0.860962 0.339811 0.029365 0.048060
1 0.832412 0.342520 0.027734 0.044284
1 0.800220 0.342383 0.032197 0.043464
1 0.768218 0.342520 0.027744 0.042122
1 0.736226 0.344271 0.030576 0.049948
1 0.702813 0.341979 0.031797 0.049141
1 0.669194 0.342109 0.032197 0.049948
1 0.634668 0.343737 0.033613 0.052109
1 0.600347 0.343190 0.032197 0.052656
1 0.532915 0.343997 0.033408 0.052109
1 0.385898 0.344108 0.022480 0.048112
1 0.427510 0.343737 0.030781 0.051016
1 0.462544 0.343984 0.031592 0.048906
1 0.497578 0.344251 0.033613 0.048919
1 0.670659 0.232025 0.032979 0.069206
1 0.636245 0.232799 0.025986 0.062214
1 0.535806 0.228327 0.025654 0.063372
1 0.497173 0.226960 0.032197 0.059674
1 0.462852 0.226146 0.033203 0.060755
1 0.426807 0.226009 0.034023 0.064258
1 0.390049 0.224935 0.034219 0.063177
1 0.354209 0.224121 0.033008 0.061549
1 0.318262 0.224395 0.035234 0.062096
1 0.280903 0.223047 0.035439 0.065339
1 0.242939 0.222637 0.036855 0.064518
1 0.832510 0.289460 0.035234 0.042930
1 0.797988 0.291758 0.030176 0.045365
1 0.768218 0.292839 0.024912 0.046432
1 0.738760 0.291621 0.029160 0.045091
1 0.704834 0.290814 0.034629 0.045638
1 0.669604 0.290404 0.030576 0.045365
1 0.635908 0.290677 0.032363 0.046432
1 0.601157 0.287975 0.030986 0.050768
1 0.566226 0.288783 0.032393 0.051836
1 0.532207 0.288242 0.031582 0.051302
1 0.496670 0.286895 0.034219 0.051836
1 0.461641 0.286895 0.031797 0.053451
1 0.427817 0.287839 0.030166 0.052656
1 0.385596 0.285417 0.023887 0.054271
1 0.353706 0.286361 0.035439 0.054544
1 0.703291 0.450169 0.032402 0.048594
1 0.354209 0.345618 0.034023 0.046185
1 0.318472 0.346029 0.032197 0.047526
1 0.279702 0.346699 0.034795 0.048346
1 0.242124 0.346042 0.035029 0.049115
1 0.204761 0.345514 0.033213 0.049622
1 0.866636 0.392201 0.031787 0.038880
1 0.835044 0.392734 0.032197 0.038333
1 0.802344 0.394355 0.030781 0.040508
1 0.769741 0.392871 0.031592 0.040221
1 0.735293 0.394355 0.031953 0.039961
1 0.702104 0.394759 0.032393 0.041315
1 0.667983 0.395977 0.033408 0.042109
1 0.635278 0.395840 0.031592 0.041315
1 0.601763 0.396380 0.033818 0.044010
1 0.567563 0.394980 0.029326 0.043477
1 0.534229 0.396107 0.033613 0.046172
1 0.498584 0.396113 0.034082 0.047799
1 0.463682 0.396654 0.031426 0.045625
1 0.429844 0.398542 0.032598 0.046719
1 0.393696 0.398542 0.036045 0.051563
1 0.354814 0.397734 0.036445 0.050495
1 0.317861 0.398138 0.033008 0.049688
1 0.281206 0.399753 0.034229 0.049141
1 0.241416 0.398678 0.037266 0.049674
1 0.203950 0.399219 0.034424 0.049141
2 0.142593 0.221230 0.054854 0.032305
2 0.154258 0.257780 0.068262 0.027643
2 0.147407 0.293158 0.058057 0.039310
2 0.152363 0.329512 0.067383 0.029596
2 0.152070 0.363145 0.069141 0.040872
2 0.154116 0.404362 0.063311 0.035417
2 0.154409 0.443236 0.066221 0.027643
2 0.160825 0.470651 0.053975 0.020260
1 0.869429 0.443763 0.030205 0.047474
1 0.837446 0.444434 0.029365 0.044779
1 0.804546 0.446686 0.034424 0.046576
1 0.769780 0.446120 0.032744 0.045000
1 0.732568 0.448483 0.023457 0.047930
1 0.670298 0.450169 0.030205 0.044089
1 0.637144 0.450000 0.035771 0.045573
1 0.602046 0.453320 0.032061 0.048151
1 0.569556 0.454336 0.031553 0.048828
1 0.534712 0.453099 0.034092 0.049948
1 0.498428 0.453659 0.034082 0.048828
1 0.462568 0.456133 0.032227 0.049271
1 0.428315 0.455566 0.032900 0.050846
1 0.385200 0.451178 0.024971 0.045221
1 0.354233 0.453887 0.033916 0.045221
1 0.318369 0.452982 0.033750 0.043880
1 0.272642 0.452871 0.019912 0.047695
1 0.242603 0.453997 0.036787 0.048151
1 0.204409 0.454167 0.036846 0.048776
1 0.704014 0.231764 0.032148 0.067799
