1 0.859448 0.574980 0.026631 0.057565
1 0.920581 0.570143 0.033545 0.059870
1 0.783804 0.580052 0.037686 0.059401
1 0.817656 0.578665 0.031465 0.059414
1 0.856162 0.509362 0.026289 0.058021
1 0.854092 0.441432 0.025586 0.051120
1 0.851157 0.379720 0.024561 0.059414
1 0.849600 0.313861 0.024902 0.063086
1 0.876543 0.309948 0.031113 0.072760
1 0.879653 0.380638 0.033193 0.058490
1 0.882417 0.441660 0.031123 0.048815
1 0.909858 0.310397 0.034189 0.070013
1 0.913848 0.379954 0.032500 0.058945
1 0.915054 0.438210 0.034229 0.049284
1 0.885869 0.505677 0.033887 0.058021
1 0.917646 0.503138 0.031816 0.055729
1 0.887939 0.572220 0.031816 0.057565
1 0.538398 0.514193 0.042871 0.065859
1 0.493496 0.597318 0.043555 0.059870
1 0.539097 0.593177 0.044268 0.065391
1 0.583628 0.590970 0.039717 0.063555
1 0.626299 0.588568 0.042520 0.062630
1 0.668442 0.586042 0.043896 0.064010
1 0.702461 0.581660 0.026289 0.063555
1 0.584160 0.514655 0.044590 0.060326
1 0.626475 0.513737 0.044941 0.061250
1 0.666538 0.511204 0.038721 0.060794
1 0.699717 0.510046 0.024180 0.062174
1 0.698164 0.440508 0.025215 0.055729
1 0.666040 0.437520 0.040420 0.058034
1 0.623901 0.436823 0.038330 0.056641
1 0.581587 0.436595 0.040068 0.058034
1 0.537378 0.438203 0.041455 0.068620
1 0.493652 0.436829 0.041797 0.077826
1 0.577944 0.359225 0.041826 0.081966
1 0.620430 0.363366 0.042520 0.078294
1 0.659980 0.365677 0.042168 0.074609
1 0.694692 0.372344 0.028018 0.070469
1 0.650303 0.311563 0.035957 0.058490
1 0.685713 0.301198 0.041133 0.075521
1 0.735273 0.300052 0.039414 0.071380
1 0.772231 0.302350 0.038721 0.071393
1 0.807461 0.305573 0.034570 0.071380
1 0.741318 0.372585 0.035605 0.063555
1 0.776377 0.375111 0.038711 0.060326
1 0.810229 0.379030 0.031123 0.058034
1 0.743735 0.439355 0.037686 0.056185
1 0.780693 0.438893 0.036992 0.052500
1 0.812471 0.438210 0.028008 0.052956
1 0.746328 0.509590 0.037344 0.063086
1 0.782593 0.508210 0.035264 0.062174
1 0.815063 0.507513 0.029736 0.059870
1 0.746499 0.583509 0.037686 0.058945
0 0.147393 0.352467 0.036699 0.039023
1 0.346826 0.346361 0.046797 0.088581
1 0.392881 0.349238 0.041523 0.082826
1 0.450327 0.353079 0.038408 0.086029
1 0.493496 0.515352 0.044238 0.067240
0 0.265049 0.441120 0.030938 0.036771
0 0.186611 0.438021 0.036465 0.037422
2 0.534351 0.350456 0.039717 0.099010
2 0.490454 0.345462 0.040010 0.102852
3 0.449614 0.516686 0.040283 0.233503
3 0.392666 0.516341 0.043770 0.240755
3 0.343921 0.516719 0.048740 0.248021
0 0.186255 0.477832 0.038135 0.035820
0 0.147397 0.477676 0.037178 0.036133
0 0.107100 0.477520 0.041016 0.035820
0 0.068481 0.478633 0.033350 0.036771
0 0.069561 0.517331 0.036465 0.034870
0 0.109019 0.517174 0.039092 0.036458
0 0.149072 0.517493 0.038613 0.037096
0 0.186973 0.517487 0.034297 0.036458
0 0.215874 0.352943 0.022061 0.044453
0 0.216714 0.401719 0.021826 0.030703
0 0.217793 0.438965 0.020625 0.031055
0 0.217432 0.476888 0.021348 0.034505
0 0.218271 0.511895 0.019668 0.032930
0 0.217793 0.550755 0.024473 0.037734
0 0.186494 0.554115 0.034785 0.034219
0 0.148833 0.556348 0.038623 0.037409
0 0.107217 0.557630 0.039336 0.037422
0 0.069561 0.557311 0.033105 0.039336
0 0.068359 0.598405 0.033574 0.032617
0 0.107700 0.595202 0.038857 0.032617
0 0.148594 0.593607 0.036211 0.033906
0 0.264087 0.359408 0.029502 0.031992
0 0.304146 0.359889 0.033818 0.036133
0 0.264448 0.404980 0.029736 0.036133
0 0.301987 0.402585 0.033818 0.032617
0 0.147158 0.438021 0.036699 0.037422
0 0.300430 0.437389 0.033086 0.037747
0 0.264087 0.478535 0.031416 0.034857
0 0.300186 0.475820 0.035508 0.033255
0 0.264448 0.515801 0.031182 0.032617
0 0.299590 0.515156 0.036699 0.035182
0 0.264683 0.553691 0.031182 0.036133
0 0.300303 0.552415 0.034297 0.033581
0 0.266123 0.587917 0.030703 0.025260
0 0.300542 0.585514 0.033818 0.028138
0 0.266963 0.627891 0.031426 0.032292
0 0.300903 0.626615 0.033096 0.034219
0 0.187329 0.589674 0.037178 0.032630
0 0.219473 0.587116 0.024219 0.034544
0 0.222593 0.632845 0.028545 0.034544
0 0.188770 0.634772 0.035742 0.035820
0 0.148594 0.638444 0.039824 0.032930
0 0.107339 0.639883 0.039814 0.033906
0 0.067041 0.641647 0.036465 0.034857
0 0.185728 0.353171 0.034775 0.037409
0 0.186616 0.400599 0.035498 0.036146
0 0.147876 0.398835 0.038623 0.035820
0 0.108535 0.397565 0.037656 0.040937
0 0.070757 0.398040 0.034541 0.039987
0 0.069800 0.440898 0.032627 0.032943
0 0.106978 0.438340 0.038857 0.035508
