1 0.728423 0.327546 0.053467 0.070794
1 0.675996 0.320365 0.047246 0.084062
1 0.621904 0.318158 0.050156 0.088477
1 0.568437 0.316465 0.050977 0.090742
1 0.516006 0.318158 0.048906 0.088477
1 0.462329 0.317324 0.047666 0.090143
1 0.413838 0.316497 0.043516 0.088490
2 0.032793 0.622949 0.031914 0.122148
2 0.038071 0.487350 0.029834 0.116055
2 0.008105 0.485267 0.020313 0.115560
2 0.005762 0.621523 0.014063 0.121641
1 0.842402 0.488431 0.053887 0.080638
1 0.842915 0.569479 0.048701 0.079714
1 0.790420 0.571784 0.052168 0.076953
1 0.735669 0.571328 0.053193 0.076953
1 0.681445 0.569941 0.049746 0.079727
1 0.626006 0.570866 0.049395 0.080638
1 0.572988 0.569714 0.051816 0.082943
1 0.519238 0.569023 0.050781 0.081562
1 0.466948 0.568561 0.046963 0.076029
1 0.411689 0.567637 0.047656 0.078789
1 0.411514 0.655827 0.049395 0.076497
1 0.467471 0.657676 0.051465 0.073737
1 0.521006 0.659284 0.051465 0.076042
1 0.574888 0.661133 0.052158 0.076953
1 0.628252 0.661126 0.050430 0.075117
1 0.682480 0.662279 0.053887 0.074661
1 0.737744 0.660436 0.051816 0.081107
1 0.792319 0.660671 0.053193 0.080638
1 0.846543 0.660664 0.052500 0.082474
2 0.925371 0.468880 0.070059 0.043229
2 0.927646 0.521615 0.069824 0.053411
2 0.923330 0.570228 0.067422 0.043164
2 0.926099 0.678490 0.067158 0.040937
2 0.930176 0.624596 0.083477 0.064271
3 0.357930 0.575729 0.048984 0.239010
3 0.305947 0.574349 0.050020 0.239010
3 0.252764 0.570202 0.046582 0.239023
2 0.914863 0.312279 0.086758 0.056328
2 0.905342 0.369382 0.094766 0.045091
1 0.782725 0.326471 0.050977 0.069635
1 0.836396 0.326172 0.052227 0.074661
1 0.102153 0.390827 0.047666 0.087930
1 0.151885 0.396908 0.046836 0.087930
1 0.203076 0.396908 0.048906 0.090143
1 0.254058 0.396354 0.048076 0.086823
1 0.305234 0.394974 0.049336 0.087370
1 0.357266 0.398014 0.050566 0.087930
1 0.409897 0.404642 0.048076 0.077982
3 0.199224 0.570195 0.045889 0.239010
3 0.148779 0.567897 0.048730 0.239023
3 0.097510 0.562578 0.046582 0.239010
2 0.927046 0.420397 0.071982 0.049883
1 0.462954 0.406576 0.047256 0.071901
1 0.515386 0.405195 0.050986 0.076875
1 0.568647 0.406022 0.049736 0.076315
1 0.621074 0.406022 0.048496 0.078529
1 0.676406 0.405475 0.047246 0.076315
1 0.728618 0.405749 0.053916 0.077982
1 0.783965 0.404089 0.051816 0.080182
1 0.836191 0.406576 0.049316 0.075208
1 0.411763 0.482018 0.047666 0.064714
1 0.466475 0.481178 0.050156 0.070794
1 0.517871 0.481458 0.050156 0.071354
1 0.571548 0.483118 0.051396 0.068034
1 0.623149 0.483118 0.047666 0.070247
1 0.679727 0.485052 0.047246 0.067474
1 0.731948 0.489473 0.052217 0.080742
1 0.787490 0.489219 0.053047 0.082344
