1 0.800337 0.493913 0.036553 0.062148
1 0.839478 0.494290 0.039990 0.062148
1 0.762319 0.493145 0.037080 0.062148
1 0.719194 0.493307 0.035439 0.058750
1 0.681152 0.494674 0.037695 0.062161
1 0.640303 0.493171 0.039375 0.060560
1 0.600454 0.492754 0.038545 0.062148
1 0.220767 0.552370 0.042334 0.066771
1 0.263657 0.551602 0.042334 0.066771
1 0.307983 0.552747 0.042334 0.066771
1 0.351157 0.553516 0.042334 0.066771
1 0.393032 0.553906 0.038018 0.066771
1 0.434619 0.554674 0.039160 0.066771
1 0.475786 0.555443 0.038018 0.066771
1 0.517378 0.555052 0.039463 0.066771
1 0.558394 0.555820 0.039463 0.066771
1 0.599263 0.558503 0.039463 0.066771
1 0.640142 0.556589 0.039463 0.066771
1 0.680435 0.557357 0.039463 0.066771
1 0.721880 0.556973 0.039463 0.066784
1 0.761030 0.558893 0.039463 0.066771
1 0.800879 0.557943 0.037500 0.064063
1 0.840493 0.558913 0.038350 0.063659
2 0.435630 0.351302 0.035381 0.087422
2 0.794624 0.358887 0.034189 0.081836
1 0.559414 0.490449 0.039375 0.062148
1 0.518569 0.489681 0.038252 0.062148
1 0.477246 0.489681 0.037891 0.062148
1 0.352187 0.488535 0.039941 0.062148
1 0.393633 0.489303 0.039941 0.062148
1 0.434912 0.489499 0.039941 0.062148
1 0.309014 0.486803 0.041406 0.062930
1 0.265088 0.485638 0.039941 0.063724
1 0.222949 0.484694 0.039062 0.064831
1 0.090137 0.482012 0.040820 0.066003
1 0.175288 0.551979 0.042334 0.066771
1 0.835889 0.365807 0.042480 0.064427
1 0.760508 0.366953 0.032344 0.065234
1 0.718232 0.365013 0.032871 0.065234
1 0.680781 0.362292 0.038437 0.065234
1 0.640688 0.362103 0.038740 0.064076
1 0.600161 0.361328 0.039912 0.062500
1 0.558022 0.359961 0.040205 0.064453
1 0.516313 0.358398 0.039600 0.065234
1 0.475322 0.359180 0.039590 0.065234
1 0.718237 0.428737 0.032275 0.058255
1 0.680928 0.427207 0.038535 0.062148
1 0.640439 0.426243 0.039629 0.060560
1 0.599204 0.424805 0.038545 0.060286
1 0.558911 0.423548 0.039385 0.062148
1 0.518208 0.422995 0.039385 0.061615
1 0.477598 0.423971 0.038750 0.059661
1 0.434980 0.425671 0.039375 0.056810
1 0.393672 0.425059 0.039375 0.054805
1 0.351455 0.421387 0.041191 0.059440
1 0.309116 0.418548 0.039971 0.061341
1 0.266606 0.418678 0.041201 0.062148
1 0.223975 0.417337 0.038574 0.062148
1 0.175659 0.415983 0.038330 0.062148
1 0.090923 0.414368 0.041787 0.062148
1 0.134067 0.415983 0.042217 0.062148
1 0.091484 0.347057 0.040020 0.070417
1 0.134702 0.348346 0.044072 0.069349
1 0.176479 0.348926 0.036494 0.069987
1 0.225146 0.350436 0.037012 0.068320
1 0.267998 0.352767 0.042715 0.068320
1 0.310811 0.353320 0.041270 0.066276
1 0.353521 0.356589 0.041221 0.068333
2 0.396396 0.350814 0.034395 0.087409
1 0.762393 0.429915 0.033965 0.058268
1 0.799834 0.431589 0.037949 0.058750
1 0.130688 0.550833 0.042334 0.066771
1 0.087349 0.549674 0.043467 0.066016
1 0.838838 0.429889 0.036582 0.062148
1 0.176733 0.484316 0.040576 0.064831
1 0.133594 0.483340 0.040820 0.064831
