1 0.224922 0.483333 0.038184 0.062266
1 0.224922 0.426966 0.038184 0.062266
1 0.225942 0.365150 0.038174 0.062279
1 0.229351 0.308789 0.038174 0.062266
1 0.187764 0.485599 0.038184 0.062266
1 0.190146 0.421510 0.038184 0.062266
1 0.189126 0.363789 0.038174 0.062266
1 0.149580 0.485143 0.038184 0.062266
1 0.137988 0.432422 0.038184 0.062266
1 0.141738 0.377878 0.038184 0.062266
1 0.337075 0.424694 0.038174 0.062279
1 0.337417 0.367878 0.038174 0.062266
1 0.338438 0.310150 0.038184 0.062279
1 0.296504 0.487415 0.038184 0.062279
1 0.301279 0.426510 0.038184 0.062266
1 0.299912 0.369245 0.038184 0.062266
1 0.303325 0.310605 0.038174 0.062279
1 0.262080 0.487878 0.038184 0.062266
1 0.263101 0.425150 0.038174 0.062279
1 0.262417 0.366510 0.038174 0.062266
1 0.267871 0.308079 0.038184 0.064596
1 0.637065 0.493783 0.038174 0.062279
1 0.790806 0.495833 0.038174 0.062266
1 0.752627 0.497415 0.038184 0.062279
1 0.713770 0.496510 0.038184 0.062266
1 0.791152 0.434238 0.038184 0.062279
1 0.752969 0.434238 0.038184 0.062279
1 0.714453 0.432878 0.038184 0.062266
1 0.793198 0.377422 0.038174 0.062266
1 0.751948 0.376510 0.038174 0.062266
1 0.713770 0.376055 0.038184 0.062266
1 0.792515 0.317422 0.038174 0.062266
1 0.753994 0.315605 0.038184 0.062279
1 0.712402 0.316966 0.038184 0.062266
1 0.674907 0.493783 0.038174 0.062279
1 0.600591 0.493783 0.038174 0.062279
1 0.677632 0.435599 0.038174 0.062266
1 0.637407 0.433783 0.038174 0.062279
1 0.600591 0.432422 0.038174 0.062266
1 0.675586 0.372422 0.038184 0.062266
1 0.636387 0.369694 0.038184 0.062279
1 0.598545 0.371966 0.038184 0.062266
1 0.680020 0.313568 0.038184 0.070885
1 0.641152 0.312174 0.038184 0.065495
1 0.603657 0.314258 0.038174 0.064974
1 0.562407 0.492878 0.038174 0.062266
1 0.562070 0.432422 0.038184 0.062266
1 0.562749 0.372422 0.038174 0.062266
1 0.563091 0.314258 0.038174 0.064974
1 0.525254 0.315150 0.038184 0.062279
1 0.525254 0.369694 0.038184 0.062279
1 0.524570 0.430599 0.038184 0.062266
1 0.524570 0.491966 0.038184 0.062266
1 0.485366 0.490599 0.038174 0.062266
1 0.486387 0.429694 0.038184 0.062279
1 0.486387 0.367878 0.038184 0.062266
1 0.489111 0.312422 0.038184 0.062266
1 0.447871 0.490143 0.038184 0.062266
1 0.449912 0.427422 0.038184 0.062266
1 0.450254 0.369245 0.038184 0.062266
1 0.449912 0.311517 0.038184 0.062279
1 0.409687 0.487871 0.038184 0.062279
1 0.410029 0.429694 0.038184 0.062279
1 0.410371 0.367878 0.038184 0.062266
1 0.412070 0.306966 0.038184 0.062266
1 0.373213 0.488327 0.038184 0.062279
1 0.375254 0.427878 0.038184 0.062266
1 0.374575 0.368789 0.038174 0.062266
2 0.375596 0.303359 0.038184 0.074948
1 0.336055 0.486966 0.038184 0.062266
