1 0.782593 0.455352 0.033252 0.061354
1 0.159336 0.506302 0.044043 0.069844
1 0.204961 0.507461 0.044043 0.069844
1 0.251016 0.508236 0.044043 0.069076
1 0.296494 0.510371 0.044043 0.067878
1 0.341357 0.510326 0.042285 0.067891
1 0.469180 0.512467 0.041719 0.065560
1 0.385273 0.511693 0.041953 0.067891
1 0.427896 0.512272 0.039131 0.065951
1 0.510947 0.513242 0.040020 0.064766
1 0.551646 0.513633 0.039092 0.063984
1 0.594238 0.515892 0.039062 0.062513
1 0.633267 0.516667 0.036787 0.062500
1 0.667788 0.516875 0.030439 0.060573
1 0.710537 0.516484 0.035918 0.061354
1 0.746631 0.516875 0.034473 0.060573
1 0.782515 0.518216 0.035361 0.060573
1 0.819482 0.518978 0.034473 0.059049
1 0.854590 0.518496 0.034473 0.060143
1 0.887563 0.518333 0.029365 0.060573
1 0.159932 0.435573 0.044980 0.069844
1 0.205986 0.437279 0.044980 0.068307
1 0.251758 0.438073 0.043945 0.068594
1 0.341475 0.442018 0.042441 0.067891
1 0.297495 0.440150 0.043037 0.069883
1 0.385283 0.442975 0.041934 0.067982
1 0.427939 0.445163 0.041191 0.065846
1 0.469722 0.446328 0.040244 0.065573
1 0.510771 0.447448 0.038809 0.065208
1 0.552236 0.448125 0.040449 0.065000
1 0.594888 0.451257 0.039131 0.063971
1 0.634575 0.452721 0.038076 0.064036
1 0.668418 0.453854 0.028398 0.064036
1 0.711001 0.454225 0.036592 0.061341
1 0.748096 0.454603 0.034277 0.061341
1 0.819497 0.457415 0.037627 0.061341
1 0.856724 0.458125 0.034404 0.058437
1 0.889341 0.458184 0.029326 0.059076
1 0.160283 0.361973 0.044980 0.068737
1 0.206367 0.363438 0.044980 0.068021
1 0.252544 0.366107 0.044326 0.067891
1 0.298838 0.371257 0.042988 0.063867
1 0.342744 0.372214 0.042051 0.063438
1 0.385708 0.374922 0.042061 0.063438
1 0.429131 0.376029 0.041738 0.063437
1 0.471289 0.376771 0.040820 0.063438
1 0.512778 0.379362 0.039678 0.063437
1 0.554282 0.381211 0.039678 0.060859
1 0.594805 0.384147 0.039102 0.061263
1 0.634385 0.386393 0.037480 0.060807
1 0.668110 0.388359 0.028037 0.056927
1 0.711250 0.390052 0.036094 0.057969
1 0.748242 0.392057 0.034766 0.056510
1 0.783540 0.392845 0.032920 0.057565
1 0.819980 0.394694 0.037773 0.056836
1 0.856885 0.396491 0.033887 0.057305
1 0.891504 0.396947 0.032422 0.057956
1 0.890898 0.336113 0.032188 0.061810
1 0.856523 0.335872 0.034531 0.061797
1 0.819702 0.333626 0.037842 0.064128
1 0.712822 0.326178 0.037168 0.065898
1 0.636523 0.322214 0.037305 0.066042
1 0.596133 0.318594 0.040742 0.066042
1 0.555615 0.316745 0.038184 0.066042
1 0.514160 0.311855 0.038672 0.069544
1 0.472622 0.310612 0.041084 0.067578
1 0.430220 0.309538 0.041514 0.067513
1 0.387461 0.306829 0.041484 0.070690
1 0.344497 0.304408 0.043037 0.071315
1 0.299741 0.302298 0.042842 0.072565
1 0.254053 0.298301 0.045410 0.073164
1 0.207422 0.294355 0.044922 0.073164
1 0.161655 0.292337 0.044209 0.072096
2 0.667495 0.317012 0.023994 0.084180
2 0.783247 0.322344 0.033330 0.081953
2 0.748101 0.321035 0.031357 0.083477
