1 0.745381 0.356667 0.036816 0.064141
1 0.707344 0.356009 0.036816 0.064154
1 0.667578 0.357318 0.036816 0.064141
1 0.666602 0.417539 0.036816 0.064141
1 0.666602 0.480371 0.036816 0.064154
1 0.667578 0.539935 0.036816 0.064141
1 0.590015 0.536973 0.036318 0.066133
1 0.624873 0.537311 0.036328 0.066133
1 0.624380 0.475137 0.036318 0.066133
1 0.590020 0.477754 0.036328 0.066133
1 0.624873 0.415586 0.036328 0.062161
1 0.589521 0.418854 0.036328 0.063490
1 0.627812 0.355358 0.036328 0.066133
1 0.588057 0.358275 0.036328 0.062904
1 0.551729 0.537311 0.036328 0.066133
1 0.552217 0.478405 0.036328 0.066133
1 0.552217 0.420150 0.036328 0.066133
1 0.551729 0.358626 0.036328 0.066133
1 0.513926 0.537311 0.036328 0.066133
1 0.474658 0.538626 0.036328 0.066133
1 0.436367 0.537975 0.036328 0.066133
1 0.400527 0.538626 0.036328 0.066133
1 0.361748 0.541243 0.036328 0.066133
1 0.324443 0.542559 0.036328 0.066133
1 0.286641 0.542559 0.036328 0.066133
1 0.513926 0.480371 0.036328 0.066133
1 0.475146 0.479069 0.036328 0.066133
1 0.435381 0.479069 0.036328 0.066133
1 0.401514 0.479069 0.036328 0.066133
1 0.358311 0.481029 0.036328 0.066120
1 0.324443 0.481686 0.036328 0.066133
1 0.286641 0.482337 0.036328 0.066133
1 0.513437 0.417897 0.036328 0.060299
1 0.476133 0.423424 0.036328 0.060313
1 0.436367 0.422767 0.036328 0.060299
1 0.397588 0.424076 0.036328 0.060313
1 0.359790 0.425384 0.036318 0.060299
1 0.322480 0.426042 0.036328 0.060312
1 0.286152 0.428659 0.036328 0.060312
1 0.515400 0.363210 0.036328 0.060299
1 0.476133 0.365827 0.036328 0.060299
1 0.437842 0.366478 0.036328 0.060299
1 0.399062 0.366478 0.036328 0.060299
1 0.362734 0.367786 0.036328 0.060312
0 0.886514 0.529460 0.028965 0.030065
0 0.886514 0.505241 0.028965 0.030065
0 0.888477 0.475163 0.028965 0.028711
0 0.887007 0.445026 0.028975 0.028698
0 0.887007 0.412298 0.028975 0.028711
0 0.847246 0.554329 0.028965 0.028711
0 0.848228 0.531426 0.028975 0.028711
0 0.847246 0.504590 0.028965 0.028711
0 0.847734 0.479720 0.028965 0.028711
0 0.847734 0.450267 0.028965 0.028711
0 0.848228 0.419499 0.028975 0.028711
0 0.821226 0.419499 0.028975 0.028711
0 0.821719 0.449609 0.028965 0.028698
0 0.885771 0.555658 0.028965 0.030065
0 0.819263 0.475788 0.028975 0.028711
0 0.819263 0.501973 0.028975 0.028711
0 0.818770 0.530117 0.028965 0.028698
0 0.817793 0.558262 0.028965 0.028711
3 0.787598 0.478757 0.035840 0.172096
3 0.744155 0.482988 0.035830 0.172096
3 0.706377 0.484297 0.036777 0.172083
1 0.788828 0.357975 0.026504 0.061523
1 0.324443 0.368444 0.036328 0.060299
1 0.287139 0.369102 0.036328 0.060312
1 0.399551 0.300684 0.036328 0.063607
1 0.359790 0.299362 0.036318 0.068255
1 0.323955 0.306263 0.036328 0.063620
1 0.285664 0.306263 0.036328 0.063620
1 0.251294 0.542546 0.031416 0.060221
1 0.250806 0.485612 0.031416 0.060208
1 0.251777 0.426048 0.034336 0.060221
1 0.250312 0.369759 0.035312 0.060221
1 0.249331 0.304609 0.037275 0.062135
1 0.216445 0.541237 0.034336 0.060208
1 0.216938 0.489531 0.034346 0.060208
1 0.215464 0.430625 0.034346 0.060208
1 0.217427 0.371061 0.034346 0.060221
1 0.213506 0.308236 0.034336 0.060221
2 0.166621 0.549421 0.063320 0.037305
2 0.165884 0.484303 0.063330 0.037305
2 0.163433 0.413607 0.063330 0.037318
2 0.163433 0.338027 0.063330 0.039310
2 0.171772 0.520293 0.064795 0.030117
2 0.170791 0.448945 0.061855 0.034036
2 0.168096 0.376621 0.066270 0.041237
