1 0.870645 0.420384 0.030371 0.042930
1 0.870635 0.370436 0.031211 0.047799
1 0.398315 0.363685 0.035029 0.044557
1 0.360737 0.361120 0.034854 0.043750
1 0.324805 0.360716 0.033418 0.042396
1 0.325908 0.409987 0.034043 0.046979
1 0.363179 0.411074 0.035635 0.045898
1 0.398604 0.412559 0.032422 0.046706
1 0.839360 0.420384 0.031787 0.042383
1 0.807251 0.421198 0.031201 0.040234
1 0.775151 0.422129 0.029795 0.050247
1 0.742856 0.418626 0.031611 0.041576
1 0.709243 0.417305 0.032412 0.044766
1 0.670361 0.417142 0.020273 0.044544
1 0.642012 0.417279 0.033633 0.040495
1 0.608101 0.416335 0.032197 0.042930
1 0.574082 0.415124 0.033008 0.044284
1 0.539951 0.415260 0.032832 0.044010
1 0.504717 0.413770 0.033633 0.044284
0 0.896631 0.419238 0.020898 0.021367
0 0.896387 0.442741 0.020996 0.022018
0 0.896143 0.466634 0.022852 0.022409
0 0.894824 0.348014 0.024316 0.025273
0 0.897461 0.322643 0.022168 0.023411
2 0.277056 0.336888 0.059873 0.039557
2 0.277207 0.407116 0.061309 0.038789
2 0.276631 0.441849 0.060156 0.027682
2 0.276050 0.475046 0.059580 0.036497
2 0.278066 0.372389 0.060156 0.030742
1 0.469878 0.412799 0.034424 0.043464
1 0.433740 0.412155 0.033438 0.045898
1 0.539253 0.472630 0.033408 0.049688
1 0.504526 0.471680 0.034424 0.049948
1 0.469595 0.471816 0.033408 0.051836
1 0.434053 0.471283 0.034023 0.052383
1 0.362373 0.469928 0.035234 0.051836
1 0.325488 0.470475 0.036113 0.053190
1 0.675737 0.473848 0.033408 0.049414
1 0.708745 0.474928 0.032197 0.047253
1 0.741045 0.474382 0.031191 0.049414
1 0.774458 0.475332 0.032002 0.048607
0 0.897998 0.373405 0.020703 0.019805
2 0.277056 0.267617 0.059873 0.041484
2 0.275332 0.302728 0.057559 0.028815
0 0.897021 0.397526 0.020605 0.019531
0 0.895752 0.489876 0.020508 0.020716
1 0.398008 0.471009 0.033613 0.054544
1 0.641616 0.473034 0.032002 0.048880
1 0.607803 0.473848 0.032402 0.049414
1 0.573882 0.473034 0.033408 0.051562
1 0.806553 0.475195 0.029766 0.048333
1 0.838447 0.475332 0.031582 0.048060
1 0.869937 0.475736 0.030166 0.047253
1 0.573779 0.361927 0.032402 0.051302
1 0.505220 0.360716 0.033838 0.049948
1 0.469609 0.359232 0.033438 0.052917
1 0.434253 0.360313 0.034424 0.050755
1 0.774956 0.367871 0.031006 0.050221
1 0.743071 0.367331 0.031592 0.049688
1 0.709341 0.366517 0.032217 0.048607
1 0.670576 0.366387 0.022676 0.050482
1 0.641709 0.364766 0.031406 0.052109
1 0.607988 0.364355 0.032422 0.051836
1 0.539546 0.362070 0.032412 0.052109
1 0.539546 0.250286 0.032412 0.052656
1 0.539346 0.309010 0.032422 0.048594
1 0.573271 0.310358 0.032598 0.044284
1 0.607700 0.312116 0.032607 0.044544
1 0.641719 0.313327 0.032207 0.049674
1 0.573579 0.250150 0.032803 0.057253
1 0.608096 0.252982 0.033027 0.053724
1 0.642212 0.255957 0.031611 0.055352
1 0.670464 0.257038 0.022100 0.055352
1 0.669971 0.314004 0.021465 0.047253
1 0.808062 0.262839 0.029580 0.052917
1 0.708633 0.259193 0.032422 0.049948
1 0.743066 0.258249 0.032813 0.055091
1 0.775967 0.260677 0.031816 0.050755
1 0.708735 0.315755 0.031807 0.044818
1 0.741646 0.316165 0.031611 0.044544
1 0.774663 0.317376 0.031182 0.046445
1 0.806855 0.318457 0.029160 0.047513
1 0.838447 0.313874 0.031191 0.054544
1 0.871455 0.313333 0.032402 0.055625
1 0.838345 0.369629 0.030166 0.049414
1 0.806748 0.370163 0.029785 0.048867
1 0.504824 0.249720 0.033867 0.054388
1 0.398428 0.305215 0.033750 0.048398
1 0.397798 0.245124 0.034736 0.055326
1 0.433726 0.245775 0.034873 0.054388
1 0.469282 0.247930 0.034072 0.054583
1 0.325010 0.301536 0.035605 0.046797
1 0.361875 0.304349 0.037129 0.048828
1 0.324585 0.242585 0.033408 0.054440
1 0.360693 0.243372 0.037129 0.055130
1 0.504248 0.307936 0.034180 0.046706
1 0.469019 0.305495 0.034033 0.046328
1 0.433652 0.305964 0.034453 0.048021
