0 0.458066 0.504505 0.039492 0.050000
0 0.388818 0.552467 0.041934 0.042721
0 0.380962 0.675176 0.041963 0.051862
0 0.383008 0.627448 0.041973 0.055495
0 0.387461 0.593151 0.040566 0.051354
0 0.429092 0.379199 0.031816 0.048503
0 0.426533 0.423132 0.031816 0.049284
0 0.424404 0.462715 0.030391 0.046628
0 0.424687 0.508216 0.031094 0.046354
0 0.418960 0.629577 0.033545 0.053451
0 0.418511 0.679596 0.035186 0.051276
0 0.459336 0.371927 0.039492 0.050000
0 0.460190 0.417760 0.039482 0.050000
0 0.457915 0.459427 0.039482 0.050000
0 0.490430 0.682005 0.039492 0.050000
0 0.454839 0.679831 0.039482 0.050000
0 0.455249 0.633464 0.039482 0.050000
0 0.455659 0.588190 0.039482 0.050000
0 0.457295 0.547832 0.039492 0.049987
0 0.493701 0.381471 0.039492 0.050000
0 0.493296 0.426198 0.039482 0.050000
0 0.492476 0.467656 0.039482 0.050000
0 0.493296 0.509648 0.039482 0.050000
0 0.491660 0.553294 0.039492 0.050000
0 0.491250 0.594740 0.039492 0.050000
0 0.489204 0.636732 0.039482 0.050000
0 0.525610 0.684740 0.039482 0.050000
0 0.559971 0.379004 0.026992 0.049622
0 0.558340 0.421836 0.026992 0.049635
0 0.556704 0.461654 0.027002 0.049635
0 0.558340 0.508561 0.026992 0.049622
0 0.556704 0.551107 0.027002 0.049635
0 0.557114 0.595286 0.027002 0.049635
0 0.555474 0.635651 0.027002 0.049635
0 0.554658 0.682552 0.026992 0.049635
0 0.674927 0.382565 0.040088 0.050729
0 0.676558 0.340026 0.040088 0.050729
0 0.587788 0.684447 0.040908 0.051810
0 0.588198 0.635651 0.040908 0.051823
0 0.587388 0.593652 0.040908 0.051810
0 0.589429 0.552741 0.040908 0.051810
0 0.589019 0.507474 0.040908 0.051823
0 0.590249 0.460566 0.040908 0.051810
0 0.590659 0.410378 0.040908 0.051823
0 0.595151 0.372747 0.040908 0.051823
0 0.638926 0.338919 0.043359 0.049089
0 0.634014 0.380371 0.037637 0.043633
0 0.630332 0.418822 0.040098 0.050716
0 0.629106 0.460013 0.040088 0.050729
0 0.629106 0.507467 0.040088 0.050716
0 0.628286 0.637832 0.040088 0.050716
0 0.628696 0.686921 0.040088 0.050716
0 0.674106 0.691829 0.040088 0.050716
0 0.674517 0.639466 0.040088 0.050729
0 0.672876 0.589284 0.040088 0.050729
0 0.389062 0.507350 0.040625 0.046211
0 0.361138 0.380156 0.034092 0.051354
0 0.390347 0.466445 0.041475 0.049245
0 0.393696 0.424017 0.039209 0.044544
0 0.395220 0.379486 0.033779 0.049596
0 0.346812 0.675163 0.033779 0.046419
0 0.348857 0.627656 0.033789 0.045052
0 0.352266 0.586296 0.033789 0.045065
0 0.351929 0.545391 0.033779 0.045052
0 0.352949 0.507207 0.033789 0.045065
0 0.354312 0.463118 0.033779 0.045065
0 0.358906 0.423822 0.033789 0.045065
0 0.672056 0.553861 0.040088 0.045221
0 0.676147 0.512930 0.040088 0.050729
0 0.673696 0.468203 0.040088 0.050729
0 0.676558 0.420749 0.040088 0.050716
