1 0.409526 0.320443 0.031748 0.065365
1 0.356660 0.320436 0.035801 0.084622
1 0.632871 0.411361 0.047305 0.067513
1 0.586831 0.410339 0.038701 0.069635
1 0.541274 0.408353 0.047139 0.075039
1 0.460039 0.404427 0.051992 0.078802
1 0.407871 0.403613 0.038672 0.073633
1 0.354478 0.404082 0.036299 0.076914
1 0.632246 0.491263 0.047305 0.074193
1 0.587529 0.493789 0.036582 0.076484
1 0.542075 0.492852 0.049775 0.076589
1 0.409512 0.570280 0.042832 0.079753
1 0.460093 0.571185 0.049346 0.078802
1 0.541455 0.571165 0.051816 0.075143
1 0.588599 0.571185 0.035576 0.071432
1 0.632988 0.571419 0.046973 0.072813
1 0.355576 0.489883 0.033496 0.079271
1 0.406343 0.490345 0.038682 0.079753
1 0.460205 0.488958 0.047949 0.078802
1 0.633447 0.330996 0.044609 0.084466
1 0.355127 0.571426 0.033496 0.079284
1 0.584634 0.334987 0.044854 0.077682
1 0.537852 0.326882 0.045781 0.083216
1 0.463252 0.318678 0.045840 0.071341
