0 0.292915 0.437298 0.037178 0.040638
0 0.295796 0.377812 0.037666 0.048958
0 0.446714 0.537318 0.046572 0.053594
0 0.671187 0.380540 0.039717 0.047982
0 0.714077 0.379010 0.043174 0.052578
0 0.712778 0.434076 0.046924 0.055260
0 0.356563 0.484017 0.039375 0.062122
0 0.711626 0.490111 0.048643 0.052956
0 0.713496 0.546139 0.046055 0.056810
0 0.697812 0.600651 0.017559 0.045313
0 0.699683 0.645898 0.020146 0.039193
0 0.502085 0.440215 0.037139 0.047591
0 0.503667 0.491257 0.039717 0.042982
0 0.543677 0.379772 0.045479 0.048737
0 0.582676 0.390690 0.033105 0.063672
0 0.623696 0.379199 0.049502 0.049128
0 0.585703 0.445586 0.029355 0.043750
0 0.547129 0.441758 0.047207 0.048359
0 0.623408 0.437337 0.048359 0.044909
0 0.547993 0.490111 0.049502 0.047591
0 0.587573 0.494141 0.029072 0.057943
0 0.624561 0.488001 0.050078 0.047201
0 0.503813 0.541146 0.046338 0.045286
0 0.551733 0.540762 0.048936 0.046055
0 0.589155 0.547865 0.025908 0.046432
0 0.626284 0.541914 0.047783 0.048359
0 0.503525 0.593919 0.047500 0.047214
0 0.552314 0.593730 0.046055 0.047591
0 0.588867 0.597760 0.025898 0.049505
0 0.625420 0.593919 0.047773 0.047214
0 0.590449 0.643236 0.022168 0.036836
0 0.626860 0.643236 0.048936 0.039909
0 0.555049 0.641315 0.049219 0.038385
0 0.503955 0.640547 0.051230 0.037604
0 0.365957 0.350625 0.046172 0.073594
0 0.356567 0.550508 0.042178 0.055990
0 0.397500 0.581973 0.047773 0.049831
0 0.345576 0.690690 0.046973 0.049062
0 0.393745 0.693490 0.045771 0.051458
0 0.448213 0.482018 0.046367 0.049062
0 0.398442 0.526126 0.049170 0.050924
0 0.440913 0.696029 0.044971 0.049062
0 0.281309 0.686895 0.040781 0.047331
0 0.293398 0.626947 0.019434 0.048320
0 0.294238 0.572259 0.024473 0.032331
0 0.289077 0.531641 0.036221 0.045130
0 0.291357 0.482708 0.035977 0.048958
0 0.359922 0.420195 0.040176 0.066354
0 0.400537 0.473490 0.045371 0.051198
0 0.404038 0.418848 0.044775 0.060794
0 0.449609 0.425651 0.045566 0.061589
0 0.446113 0.588750 0.046172 0.047734
0 0.350879 0.628867 0.036797 0.050130
0 0.393940 0.631927 0.048174 0.046667
0 0.443311 0.636855 0.046973 0.043737
0 0.553750 0.700553 0.047969 0.050664
0 0.589829 0.700553 0.029775 0.046940
0 0.625806 0.702819 0.049775 0.050404
0 0.670581 0.706022 0.035771 0.048268
0 0.712856 0.706686 0.047568 0.050664
0 0.499194 0.698418 0.057178 0.049596
