1 0.269268 0.272969 0.037500 0.060495
2 0.224102 0.476836 0.062383 0.041354
2 0.166826 0.474342 0.054883 0.044544
2 0.222734 0.406380 0.061016 0.045000
2 0.165635 0.407292 0.054551 0.041354
2 0.226655 0.514785 0.054541 0.034544
2 0.171938 0.512520 0.057607 0.033633
2 0.226655 0.443424 0.055225 0.030911
2 0.171597 0.439564 0.052842 0.027721
2 0.167510 0.338431 0.054883 0.026367
2 0.222900 0.341615 0.059316 0.027266
2 0.167153 0.267956 0.055596 0.036406
2 0.225278 0.267728 0.061396 0.038685
1 0.597969 0.510475 0.037500 0.063685
1 0.600010 0.334121 0.037500 0.063685
1 0.603760 0.272760 0.037500 0.063698
1 0.559443 0.510931 0.037500 0.063685
1 0.560469 0.451387 0.037500 0.063685
1 0.561826 0.390937 0.037500 0.063698
1 0.564902 0.330026 0.037500 0.060052
1 0.567285 0.270501 0.037500 0.060013
1 0.522285 0.508210 0.037500 0.063685
1 0.523311 0.450937 0.037500 0.063698
1 0.525352 0.390482 0.037500 0.063698
1 0.527402 0.332298 0.037500 0.063685
1 0.531489 0.274121 0.037490 0.063685
1 0.486836 0.508665 0.037500 0.063685
1 0.487178 0.448665 0.037500 0.063685
1 0.488535 0.388210 0.037500 0.063685
1 0.488877 0.331393 0.037500 0.063698
1 0.491260 0.273216 0.037500 0.063698
1 0.450015 0.507982 0.037490 0.060495
1 0.448994 0.451836 0.037500 0.060495
1 0.450015 0.390026 0.037490 0.060495
1 0.450693 0.332760 0.037500 0.060495
1 0.452402 0.272988 0.037500 0.063685
1 0.413203 0.507292 0.037500 0.060495
1 0.412861 0.447305 0.037500 0.060495
1 0.412861 0.387305 0.037500 0.060495
1 0.414902 0.325937 0.037500 0.060495
0 0.871362 0.532520 0.025225 0.027721
0 0.872554 0.504336 0.026240 0.031354
0 0.873403 0.476159 0.027275 0.025000
0 0.873237 0.449342 0.027607 0.029544
0 0.872554 0.422975 0.028291 0.025898
0 0.874600 0.395254 0.026934 0.029544
0 0.873745 0.370020 0.027275 0.026367
0 0.873921 0.340938 0.030342 0.030000
0 0.874600 0.312754 0.028301 0.025456
0 0.875962 0.284798 0.027607 0.031367
2 0.835059 0.495247 0.040566 0.102266
2 0.793301 0.495482 0.040566 0.102266
2 0.791934 0.394570 0.040566 0.102266
2 0.832842 0.394570 0.040566 0.102266
3 0.753750 0.450697 0.035449 0.186810
3 0.714893 0.452520 0.037500 0.188633
1 0.674326 0.513659 0.037500 0.060000
1 0.676035 0.453659 0.037500 0.060000
1 0.675352 0.393203 0.037500 0.060000
1 0.678418 0.333672 0.037500 0.060000
1 0.682852 0.273672 0.037500 0.060000
1 0.754775 0.327305 0.037500 0.060000
1 0.716255 0.328216 0.037490 0.060000
1 0.636143 0.511380 0.037500 0.060000
1 0.636484 0.451387 0.037500 0.059987
1 0.638193 0.388659 0.037500 0.060000
1 0.638872 0.335482 0.037490 0.060000
1 0.642964 0.273639 0.037490 0.063685
1 0.598643 0.449570 0.037500 0.063698
1 0.600693 0.392298 0.037500 0.063685
1 0.415928 0.275026 0.037500 0.060495
1 0.376040 0.506836 0.037490 0.060495
1 0.376719 0.447292 0.037500 0.060495
1 0.378770 0.388652 0.037500 0.057773
1 0.379111 0.333203 0.037500 0.060495
1 0.378086 0.273893 0.037500 0.063672
1 0.341270 0.504115 0.037500 0.060495
1 0.341270 0.446849 0.037500 0.060495
1 0.342295 0.390026 0.037500 0.060495
1 0.342969 0.331393 0.037500 0.060495
1 0.343652 0.272298 0.037500 0.064128
1 0.303428 0.503659 0.037500 0.060495
1 0.305474 0.445938 0.037490 0.060495
1 0.306152 0.387760 0.037500 0.060495
1 0.304795 0.331849 0.037500 0.060495
1 0.307520 0.272305 0.037500 0.060495
1 0.269336 0.503659 0.037500 0.060495
1 0.269336 0.447747 0.037500 0.060495
1 0.271309 0.386602 0.037500 0.060495
1 0.270967 0.329792 0.037500 0.060495
