0 0.612603 0.458073 0.038779 0.044583
0 0.574312 0.655736 0.038779 0.044596
0 0.578242 0.615156 0.038789 0.044583
0 0.575786 0.574577 0.038779 0.044596
0 0.575786 0.535306 0.038779 0.044596
0 0.579224 0.494069 0.038779 0.044596
0 0.577749 0.450872 0.038779 0.044583
0 0.550679 0.654089 0.020732 0.040521
0 0.549966 0.612422 0.022158 0.045078
0 0.548687 0.573411 0.025850 0.045078
0 0.550820 0.537051 0.020449 0.043555
0 0.551392 0.499928 0.021592 0.042044
0 0.552812 0.456556 0.025566 0.047721
0 0.523267 0.650677 0.034092 0.048099
0 0.523833 0.612611 0.034092 0.046211
0 0.524829 0.572272 0.032666 0.048867
0 0.524966 0.532878 0.035791 0.044323
0 0.527383 0.490078 0.034941 0.051901
0 0.526958 0.450495 0.032393 0.049245
0 0.488750 0.652572 0.033809 0.042799
0 0.488892 0.616777 0.033799 0.042799
0 0.490029 0.573223 0.033809 0.042799
0 0.490596 0.532311 0.033809 0.042799
0 0.491445 0.488379 0.033809 0.042799
0 0.494004 0.448613 0.033809 0.050352
0 0.460767 0.651634 0.025576 0.044674
0 0.461338 0.612233 0.025566 0.039388
0 0.463179 0.571895 0.024150 0.045820
0 0.464033 0.531367 0.025859 0.040521
0 0.466309 0.496139 0.028125 0.044310
0 0.464976 0.455247 0.025908 0.045000
0 0.431396 0.649089 0.034375 0.044323
0 0.646968 0.655078 0.038779 0.049141
0 0.431523 0.610625 0.034375 0.044323
0 0.433799 0.571615 0.034375 0.044323
0 0.435215 0.531465 0.034375 0.044310
0 0.436924 0.487904 0.034375 0.044323
0 0.436924 0.449648 0.034375 0.044323
0 0.357666 0.649258 0.034375 0.044323
0 0.361357 0.608730 0.034375 0.044310
0 0.646479 0.613848 0.038779 0.049128
0 0.645493 0.575885 0.038779 0.049141
0 0.645493 0.535299 0.038779 0.049141
0 0.611128 0.653776 0.038779 0.049141
0 0.646714 0.453164 0.038779 0.049141
0 0.646968 0.493411 0.038779 0.049141
0 0.610151 0.611888 0.038779 0.049141
0 0.610151 0.577507 0.038779 0.044596
0 0.608677 0.535957 0.038779 0.044596
0 0.611626 0.496686 0.038779 0.044596
0 0.406807 0.409876 0.031270 0.041706
3 0.687656 0.547982 0.040254 0.264427
1 0.677563 0.367298 0.057490 0.102174
1 0.621357 0.364707 0.051094 0.095560
1 0.568833 0.362083 0.051104 0.095573
1 0.521479 0.380397 0.049600 0.074648
1 0.475801 0.381406 0.047695 0.087031
1 0.436289 0.381048 0.031465 0.058971
0 0.399990 0.569342 0.031270 0.041706
0 0.398853 0.609870 0.031279 0.041693
0 0.398286 0.652285 0.031279 0.041706
0 0.370894 0.410651 0.030068 0.037448
0 0.365898 0.446237 0.034375 0.044323
0 0.364766 0.487526 0.034375 0.044323
0 0.362490 0.527298 0.034375 0.044310
0 0.361924 0.567064 0.034375 0.044310
0 0.402544 0.485254 0.031279 0.041706
0 0.404253 0.448509 0.031279 0.041706
0 0.401694 0.529941 0.031279 0.041706
