1 0.416328 0.406217 0.038047 0.066549
0 0.141426 0.433490 0.031504 0.031094
0 0.142837 0.403496 0.027861 0.031081
0 0.144482 0.380319 0.027832 0.028346
0 0.146328 0.350039 0.027422 0.031094
1 0.178467 0.394492 0.043770 0.069271
1 0.219985 0.395293 0.040088 0.067669
3 0.175396 0.522396 0.040088 0.195260
3 0.219165 0.524030 0.040908 0.193086
1 0.257417 0.338047 0.041318 0.068724
1 0.260874 0.395859 0.041318 0.068724
1 0.260059 0.460221 0.041309 0.068724
1 0.258833 0.522396 0.041318 0.068724
1 0.260874 0.586758 0.041318 0.068724
1 0.338418 0.341315 0.038047 0.066536
1 0.297695 0.340768 0.038047 0.066536
1 0.339829 0.402402 0.038037 0.066549
1 0.300557 0.402949 0.038047 0.066549
1 0.341465 0.461855 0.038047 0.066549
1 0.301787 0.463496 0.038047 0.066549
1 0.339424 0.522396 0.038047 0.066536
1 0.299336 0.525124 0.038047 0.066549
1 0.340239 0.585124 0.038037 0.066549
1 0.302197 0.587852 0.038047 0.066536
1 0.377051 0.344043 0.038047 0.066549
1 0.379102 0.405130 0.038047 0.066536
1 0.379102 0.465130 0.038047 0.066536
1 0.380732 0.525130 0.038047 0.066536
1 0.379512 0.585671 0.038047 0.066549
1 0.416738 0.346224 0.038047 0.066536
1 0.418779 0.464831 0.038047 0.056224
1 0.420420 0.525911 0.038047 0.061198
1 0.418779 0.588945 0.038047 0.061198
1 0.454780 0.348945 0.038037 0.061198
1 0.454780 0.409492 0.038037 0.061198
1 0.456006 0.465130 0.038047 0.061198
1 0.455596 0.527852 0.038047 0.061198
1 0.457642 0.587305 0.038037 0.061198
1 0.492412 0.352220 0.038047 0.061211
1 0.494053 0.408398 0.038047 0.061198
1 0.493232 0.466211 0.038047 0.061198
1 0.491597 0.525130 0.038037 0.061198
1 0.492822 0.588398 0.038047 0.061198
1 0.527393 0.352773 0.036816 0.061198
1 0.528008 0.412227 0.038047 0.061198
1 0.530869 0.468945 0.038047 0.061198
1 0.529238 0.528945 0.038047 0.061198
1 0.530869 0.588945 0.038047 0.061198
1 0.566055 0.588945 0.038047 0.061198
1 0.566870 0.530039 0.038037 0.061198
1 0.566870 0.469492 0.038037 0.061198
1 0.565645 0.412760 0.038047 0.061198
1 0.564434 0.357122 0.034805 0.061198
1 0.601641 0.588945 0.038047 0.061198
1 0.600000 0.534401 0.038047 0.061198
1 0.600410 0.474401 0.038047 0.061198
1 0.600820 0.417656 0.038047 0.057969
1 0.597358 0.362012 0.034385 0.055794
1 0.632324 0.358763 0.038047 0.061198
1 0.634370 0.415469 0.034775 0.059063
1 0.634365 0.470586 0.034785 0.059062
1 0.634775 0.528945 0.034785 0.059063
1 0.635591 0.586211 0.034775 0.059063
1 0.672002 0.587852 0.034785 0.059062
1 0.669956 0.529492 0.034775 0.059062
1 0.668726 0.469492 0.034775 0.059063
1 0.668726 0.416042 0.034775 0.059063
1 0.669136 0.361497 0.034775 0.059063
1 0.701450 0.362591 0.034775 0.059062
1 0.701860 0.418763 0.034775 0.059063
1 0.703091 0.472760 0.034775 0.059063
1 0.702681 0.528398 0.034775 0.059063
0 0.135923 0.605579 0.031494 0.031081
0 0.137744 0.578034 0.031504 0.031094
0 0.138154 0.546400 0.031504 0.031081
0 0.138975 0.518581 0.031504 0.031094
0 0.140605 0.490221 0.031504 0.031094
0 0.139790 0.461309 0.031494 0.031081
1 0.703091 0.586758 0.034775 0.059063
1 0.733354 0.365612 0.028213 0.055182
1 0.734995 0.418223 0.028213 0.055195
1 0.736226 0.474948 0.028213 0.055182
1 0.737041 0.530579 0.028223 0.055195
1 0.735405 0.590579 0.028213 0.055195
2 0.779805 0.592487 0.059316 0.037630
2 0.777935 0.529492 0.056064 0.037630
2 0.779590 0.465130 0.059316 0.037630
2 0.775313 0.559219 0.052773 0.026719
2 0.774697 0.495944 0.054004 0.025638
2 0.775103 0.429408 0.053994 0.025638
2 0.831353 0.593281 0.046221 0.036042
2 0.825220 0.558945 0.048682 0.026172
2 0.829307 0.527031 0.051133 0.038724
2 0.824810 0.493216 0.048682 0.027813
2 0.825215 0.429134 0.043770 0.025091
2 0.775103 0.391497 0.057275 0.031641
2 0.771626 0.360677 0.050322 0.031094
