1 0.368774 0.396087 0.037842 0.062747
1 0.445479 0.454271 0.037832 0.062734
1 0.444458 0.393366 0.037842 0.062747
1 0.447524 0.335182 0.037842 0.062734
1 0.408657 0.512904 0.037842 0.062734
1 0.410024 0.455632 0.037842 0.062747
1 0.408320 0.394727 0.037832 0.062734
1 0.407983 0.337005 0.037842 0.062734
1 0.406958 0.271999 0.037842 0.062747
1 0.370479 0.513815 0.037832 0.062734
1 0.370820 0.455176 0.037832 0.062747
1 0.369458 0.337454 0.037842 0.062747
1 0.371157 0.273398 0.037842 0.064505
1 0.334346 0.514264 0.037832 0.062747
1 0.331616 0.455176 0.037842 0.062747
1 0.333325 0.394727 0.037842 0.062734
1 0.333325 0.335638 0.037842 0.062734
1 0.332300 0.273366 0.037842 0.062747
1 0.296851 0.514720 0.037842 0.062747
1 0.295825 0.456979 0.037842 0.060052
1 0.296167 0.399727 0.037842 0.062734
1 0.296504 0.340182 0.037832 0.062734
1 0.295142 0.277005 0.037842 0.062734
1 0.262075 0.515176 0.037842 0.062747
1 0.261050 0.455632 0.037842 0.062747
1 0.260708 0.399271 0.037842 0.062734
1 0.259692 0.341094 0.037842 0.062734
1 0.259009 0.278822 0.037842 0.062747
1 0.223896 0.513815 0.037832 0.062734
1 0.225259 0.455638 0.037842 0.062734
1 0.223892 0.397910 0.037842 0.062747
1 0.223892 0.340182 0.037842 0.062734
1 0.222866 0.277454 0.037842 0.062747
2 0.176851 0.452656 0.062725 0.041354
2 0.176851 0.525586 0.062725 0.035026
2 0.182305 0.491068 0.066133 0.030911
2 0.176680 0.420833 0.057617 0.025000
2 0.173442 0.383568 0.062725 0.044089
2 0.178555 0.346751 0.061367 0.029544
2 0.172588 0.308346 0.065117 0.040000
0 0.895327 0.530358 0.029834 0.031471
0 0.857402 0.529030 0.027578 0.031471
0 0.829551 0.529792 0.029824 0.031458
0 0.897163 0.502897 0.029834 0.031471
0 0.856533 0.502520 0.026973 0.031471
0 0.829268 0.504030 0.026973 0.031471
0 0.897168 0.477520 0.026973 0.031471
0 0.858525 0.478652 0.026973 0.031471
0 0.829551 0.477897 0.026973 0.031471
0 0.898867 0.452520 0.026973 0.031471
0 0.857393 0.450632 0.026973 0.031471
0 0.829551 0.451764 0.026973 0.031471
0 0.899150 0.421465 0.026973 0.031471
0 0.857393 0.421465 0.026973 0.031471
0 0.831260 0.421465 0.026973 0.031471
0 0.898584 0.388887 0.026973 0.031471
0 0.859668 0.390775 0.026973 0.031471
0 0.832393 0.390397 0.026973 0.031471
3 0.715132 0.452878 0.041240 0.182995
3 0.756060 0.454824 0.035947 0.183008
3 0.797275 0.459108 0.038301 0.180716
1 0.758096 0.328568 0.036113 0.065911
1 0.801035 0.329727 0.036113 0.065911
1 0.718345 0.328366 0.039229 0.065898
1 0.675923 0.513359 0.039229 0.065911
1 0.675923 0.451999 0.039229 0.065898
1 0.676948 0.390638 0.039229 0.065911
1 0.677627 0.328822 0.039219 0.065898
1 0.636040 0.512448 0.039229 0.065911
1 0.634673 0.450632 0.039229 0.065898
1 0.635869 0.392663 0.035117 0.060456
1 0.637744 0.333822 0.035117 0.060456
1 0.597007 0.513158 0.037842 0.065898
1 0.597178 0.453366 0.037832 0.065898
1 0.598198 0.392910 0.037842 0.063164
1 0.600591 0.330189 0.037842 0.065898
1 0.559683 0.513353 0.037842 0.065898
1 0.559683 0.451999 0.037842 0.065898
1 0.558657 0.392910 0.037842 0.065898
1 0.561382 0.332910 0.037842 0.065898
1 0.522178 0.513809 0.037832 0.065898
1 0.522178 0.454271 0.037832 0.065911
1 0.522178 0.398366 0.037832 0.065898
1 0.523550 0.334733 0.035771 0.065898
1 0.482979 0.513353 0.037832 0.065898
1 0.482979 0.454030 0.037832 0.062747
1 0.483657 0.394271 0.037842 0.062734
1 0.486045 0.332454 0.037832 0.062747
1 0.444800 0.513359 0.037842 0.062734
