1 0.563071 0.453913 0.036455 0.059622
1 0.600708 0.454544 0.036455 0.059609
1 0.526611 0.451387 0.036465 0.059622
1 0.489917 0.450762 0.036455 0.059622
1 0.451802 0.448236 0.036455 0.059622
1 0.414399 0.448236 0.036455 0.059622
1 0.377231 0.446341 0.036455 0.059609
1 0.338169 0.445710 0.036455 0.059622
1 0.299819 0.442552 0.036455 0.059609
1 0.262178 0.443184 0.036465 0.059622
1 0.637876 0.394258 0.036455 0.059609
1 0.601182 0.393626 0.036465 0.059622
1 0.565913 0.395840 0.036455 0.059622
1 0.528979 0.393314 0.036455 0.059622
1 0.490391 0.391419 0.036465 0.059609
1 0.454644 0.388893 0.036455 0.059609
1 0.415581 0.388893 0.036455 0.059609
1 0.376758 0.386999 0.036465 0.059622
1 0.338403 0.387311 0.036455 0.059622
1 0.300767 0.383841 0.036455 0.059609
1 0.263364 0.383529 0.036455 0.059609
1 0.785601 0.335234 0.036455 0.059609
1 0.748193 0.334922 0.036465 0.059609
1 0.710786 0.341230 0.036455 0.059622
1 0.675513 0.340918 0.036455 0.059622
1 0.639771 0.337930 0.036455 0.061797
1 0.604263 0.335866 0.036455 0.059622
1 0.566147 0.334622 0.036455 0.062734
1 0.528506 0.334284 0.036465 0.059609
1 0.490630 0.334915 0.036455 0.059622
1 0.452280 0.332708 0.036455 0.059609
1 0.416528 0.327663 0.036455 0.063398
1 0.378413 0.327656 0.036455 0.063385
1 0.340776 0.326393 0.036455 0.063385
1 0.303369 0.322611 0.036465 0.063398
1 0.265728 0.324818 0.036455 0.063385
0 0.233574 0.387070 0.027227 0.036615
0 0.232144 0.417370 0.025615 0.034740
0 0.231812 0.443587 0.025615 0.030924
0 0.230151 0.470091 0.025615 0.030938
0 0.227783 0.495977 0.025605 0.030938
0 0.226128 0.522806 0.025615 0.030924
0 0.225415 0.550267 0.025615 0.030924
0 0.225415 0.576152 0.025615 0.030924
0 0.208135 0.388971 0.025605 0.030937
0 0.206479 0.419277 0.025615 0.030924
0 0.206001 0.444837 0.025615 0.030924
0 0.205054 0.471986 0.025615 0.030924
0 0.202451 0.497559 0.025605 0.030924
0 0.132515 0.416712 0.025615 0.030924
0 0.133228 0.385150 0.025615 0.030924
0 0.093691 0.572956 0.025605 0.030938
0 0.096294 0.547077 0.025615 0.030924
0 0.097476 0.519616 0.025615 0.030924
0 0.099136 0.493730 0.025615 0.030924
0 0.099849 0.466270 0.025615 0.030924
0 0.101978 0.442598 0.025615 0.030924
0 0.104697 0.416081 0.027754 0.030937
0 0.106235 0.387676 0.027744 0.030924
1 0.673384 0.396784 0.036455 0.059609
0 0.124937 0.493099 0.025615 0.030937
0 0.127310 0.468477 0.025615 0.030937
0 0.128491 0.442910 0.025615 0.030924
1 0.785366 0.395833 0.036455 0.059609
1 0.746772 0.396471 0.036455 0.059609
1 0.710552 0.397096 0.036455 0.059609
0 0.177124 0.492819 0.025615 0.030924
0 0.122573 0.520560 0.025615 0.030937
0 0.122334 0.549284 0.025605 0.030937
0 0.121860 0.575801 0.025615 0.030924
0 0.159263 0.388301 0.025615 0.030924
0 0.156426 0.416081 0.025605 0.030937
0 0.154771 0.442910 0.025615 0.030924
0 0.152876 0.467533 0.025615 0.030924
0 0.150269 0.493730 0.025615 0.030924
0 0.147192 0.521823 0.025615 0.030937
0 0.147905 0.550228 0.025615 0.030924
0 0.146958 0.574538 0.025615 0.030924
0 0.183887 0.387676 0.025605 0.030924
0 0.181621 0.415169 0.025605 0.030937
0 0.180908 0.442630 0.025605 0.030937
0 0.178545 0.467878 0.025605 0.030937
1 0.781567 0.574987 0.036455 0.059609
1 0.744175 0.576074 0.036455 0.059622
1 0.707007 0.575124 0.036455 0.059622
1 0.671968 0.573229 0.036455 0.059609
1 0.634561 0.572285 0.036465 0.059622
1 0.598813 0.571341 0.036455 0.059609
1 0.560698 0.570703 0.036455 0.059609
1 0.523296 0.570391 0.036455 0.059609
1 0.485894 0.569440 0.036455 0.059609
1 0.449438 0.566914 0.036455 0.059609
1 0.411558 0.565339 0.036455 0.059609
1 0.372495 0.564707 0.036455 0.059622
1 0.334619 0.563444 0.036465 0.059622
1 0.295322 0.562187 0.036465 0.059609
1 0.257915 0.562187 0.036455 0.059609
1 0.782520 0.517044 0.036465 0.059609
1 0.744409 0.515781 0.036455 0.059609
1 0.708657 0.514837 0.036455 0.059622
1 0.671494 0.514837 0.036465 0.059622
1 0.636221 0.513255 0.036465 0.059609
1 0.601421 0.513574 0.036455 0.059622
1 0.564019 0.513255 0.036455 0.059609
1 0.525425 0.510736 0.036455 0.059622
1 0.487788 0.509473 0.036455 0.059622
1 0.451450 0.510404 0.036455 0.059609
1 0.412979 0.507266 0.036465 0.059609
1 0.375337 0.506628 0.036455 0.059609
1 0.336753 0.504421 0.036455 0.059622
1 0.298398 0.502839 0.036465 0.059609
1 0.260757 0.503477 0.036455 0.059609
1 0.783467 0.457389 0.036465 0.059622
1 0.746299 0.457389 0.036465 0.059622
1 0.708188 0.456439 0.036455 0.059622
1 0.674565 0.456126 0.036455 0.059622
1 0.635981 0.455176 0.036455 0.059622
0 0.201978 0.521862 0.025615 0.030937
0 0.199849 0.548685 0.025615 0.030937
0 0.199141 0.575202 0.025605 0.030924
0 0.173101 0.575202 0.025615 0.030924
0 0.173809 0.550898 0.025605 0.030938
0 0.175703 0.522174 0.025605 0.030938
