0 0.321592 0.429089 0.049434 0.053880
0 0.331089 0.483887 0.031123 0.050195
0 0.563662 0.705384 0.034883 0.055768
0 0.561074 0.585417 0.041445 0.040573
0 0.765894 0.531992 0.023486 0.046094
0 0.767100 0.589329 0.025215 0.065898
0 0.782646 0.649434 0.053535 0.051628
0 0.785581 0.715977 0.055264 0.053932
0 0.570054 0.423079 0.031084 0.054857
0 0.570400 0.479720 0.024863 0.053008
2 0.619058 0.629922 0.066904 0.205313
0 0.562456 0.648737 0.037998 0.049323
2 0.697842 0.626341 0.083613 0.226797
2 0.619360 0.438535 0.063916 0.172695
0 0.562285 0.534297 0.036953 0.053464
0 0.767104 0.478802 0.030049 0.056693
0 0.776260 0.422617 0.063555 0.057604
0 0.773149 0.357682 0.056650 0.067734
0 0.315371 0.707943 0.050117 0.049740
0 0.362021 0.706328 0.036270 0.042839
0 0.406401 0.710013 0.049736 0.049271
0 0.458384 0.710241 0.052158 0.048815
0 0.512788 0.710475 0.053193 0.050195
0 0.318677 0.645078 0.047666 0.049271
0 0.362539 0.644154 0.035918 0.048359
0 0.406060 0.645306 0.055264 0.051576
0 0.459424 0.646003 0.049395 0.051120
0 0.512441 0.648073 0.052500 0.049740
0 0.406216 0.585898 0.053564 0.040521
0 0.459233 0.583828 0.053916 0.042839
0 0.512612 0.583138 0.050771 0.039609
0 0.362710 0.583600 0.034189 0.044206
0 0.332471 0.586126 0.022832 0.035456
0 0.331606 0.534551 0.028701 0.053893
0 0.362368 0.532708 0.031436 0.052031
0 0.403813 0.534316 0.048701 0.058945
0 0.458940 0.534089 0.048701 0.052031
0 0.511753 0.532246 0.053877 0.052044
0 0.511060 0.475371 0.051807 0.053424
0 0.513130 0.414583 0.051807 0.059870
0 0.470630 0.415039 0.029736 0.070000
0 0.461826 0.478828 0.044590 0.051120
0 0.322280 0.366686 0.048740 0.062643
