1 0.465322 0.415879 0.039805 0.064779
1 0.813931 0.465345 0.042236 0.061341
1 0.775073 0.466257 0.042236 0.061341
1 0.734355 0.468522 0.039805 0.061341
1 0.695645 0.466699 0.039805 0.061341
1 0.655757 0.468066 0.039814 0.061341
1 0.615527 0.468522 0.039805 0.061341
1 0.577695 0.468522 0.039805 0.061341
1 0.539854 0.470345 0.039805 0.061341
1 0.502256 0.471556 0.039805 0.061341
1 0.463330 0.471556 0.039805 0.061341
1 0.427256 0.471556 0.039805 0.061341
1 0.388906 0.470801 0.039805 0.061341
1 0.351689 0.474212 0.039805 0.061341
1 0.315610 0.473835 0.039814 0.061341
1 0.280957 0.473835 0.039805 0.061341
1 0.243457 0.473451 0.039805 0.061328
1 0.207090 0.474212 0.039805 0.061341
1 0.935195 0.403776 0.039805 0.067448
1 0.892012 0.405443 0.039805 0.064792
1 0.851953 0.406029 0.039805 0.064792
1 0.811621 0.408483 0.039805 0.066706
1 0.697129 0.410195 0.039805 0.064792
1 0.652529 0.407923 0.039805 0.064779
1 0.576680 0.413984 0.039805 0.064792
1 0.504814 0.411335 0.039805 0.064779
1 0.390039 0.413984 0.039805 0.064792
1 0.207656 0.415495 0.039805 0.064792
2 0.770986 0.400534 0.038066 0.082188
2 0.736338 0.403379 0.038066 0.082201
2 0.615029 0.406029 0.038066 0.082188
2 0.539180 0.408652 0.038066 0.076940
2 0.430381 0.409622 0.038066 0.075755
2 0.352822 0.410573 0.038066 0.082188
2 0.315615 0.408301 0.038066 0.082201
2 0.246006 0.410195 0.038066 0.076901
1 0.281372 0.412845 0.030400 0.065898
1 0.937339 0.527617 0.038486 0.064089
1 0.896260 0.529427 0.041543 0.064089
1 0.855181 0.530339 0.041553 0.064089
1 0.814951 0.529427 0.041543 0.064089
1 0.774727 0.529427 0.041543 0.064089
1 0.734844 0.528516 0.041543 0.064089
1 0.695640 0.531250 0.041553 0.064089
1 0.656099 0.532161 0.041553 0.064089
1 0.617236 0.532161 0.041543 0.064089
1 0.579751 0.531712 0.037432 0.061341
1 0.539849 0.531699 0.037432 0.061341
1 0.501670 0.533978 0.037422 0.061341
1 0.465195 0.532611 0.037422 0.061341
1 0.426675 0.533522 0.037432 0.061341
1 0.390195 0.533978 0.037422 0.061341
1 0.352017 0.533522 0.037432 0.061341
1 0.316562 0.533978 0.037422 0.061341
1 0.278726 0.532611 0.037432 0.061341
1 0.242246 0.533978 0.037422 0.061341
1 0.206792 0.533066 0.037432 0.061341
1 0.895728 0.463066 0.042236 0.061341
1 0.853135 0.463978 0.042246 0.061341
1 0.935293 0.462611 0.037422 0.061341
1 0.939370 0.592383 0.041592 0.064089
1 0.898813 0.593516 0.041592 0.064089
1 0.856548 0.593971 0.041592 0.064089
1 0.814956 0.593060 0.041592 0.064089
1 0.777456 0.593516 0.041592 0.064089
1 0.737231 0.592161 0.041592 0.064089
1 0.695981 0.594883 0.041592 0.064089
1 0.656440 0.595794 0.041592 0.064089
1 0.617573 0.594883 0.041592 0.064089
1 0.577690 0.597148 0.041592 0.064089
1 0.541216 0.596250 0.041592 0.064089
1 0.502012 0.595794 0.041582 0.064089
1 0.464170 0.595794 0.041582 0.064089
1 0.426860 0.596237 0.038486 0.064089
1 0.388491 0.595794 0.038486 0.064089
1 0.352358 0.596693 0.038486 0.064089
1 0.315542 0.596243 0.038486 0.064102
1 0.278384 0.596693 0.038486 0.064089
1 0.242588 0.595794 0.038477 0.064089
1 0.203384 0.594427 0.038486 0.064089
