1 0.364185 0.246159 0.033818 0.052865
1 0.471641 0.248118 0.035234 0.056003
1 0.541445 0.307917 0.033809 0.051953
1 0.575264 0.310807 0.033809 0.051953
1 0.610044 0.311120 0.033818 0.051953
1 0.643506 0.312721 0.032129 0.051953
1 0.672759 0.313685 0.023232 0.051953
1 0.710303 0.314323 0.032129 0.051953
1 0.743408 0.316563 0.032129 0.051953
1 0.776504 0.317839 0.032129 0.051953
1 0.808545 0.318665 0.029004 0.049128
1 0.435898 0.247005 0.035234 0.055990
1 0.399268 0.468216 0.034668 0.061927
2 0.277505 0.476159 0.060752 0.041849
2 0.278862 0.405651 0.060752 0.040781
2 0.278413 0.440794 0.059326 0.028073
2 0.279429 0.370462 0.058525 0.028346
2 0.280742 0.267324 0.059941 0.041315
2 0.278818 0.336035 0.058926 0.039414
0 0.897017 0.494310 0.019912 0.024036
0 0.897598 0.470768 0.021406 0.020964
0 0.896685 0.447402 0.019912 0.024492
0 0.897524 0.421725 0.019912 0.024492
0 0.898955 0.398522 0.021426 0.020482
0 0.898970 0.328138 0.021787 0.025807
0 0.899380 0.353763 0.021787 0.021328
1 0.776748 0.370072 0.032910 0.052904
1 0.744194 0.368548 0.032920 0.054570
1 0.710913 0.367188 0.032920 0.053385
1 0.676929 0.366497 0.032920 0.051641
1 0.643896 0.364850 0.032910 0.051810
1 0.610366 0.363880 0.033818 0.052969
1 0.575557 0.361165 0.033809 0.052383
1 0.541523 0.360951 0.032773 0.051693
1 0.506406 0.359746 0.033809 0.053320
1 0.399893 0.357943 0.033809 0.052865
1 0.470771 0.358340 0.033809 0.054935
1 0.435850 0.358398 0.033809 0.055990
1 0.327637 0.408600 0.034375 0.050273
1 0.363867 0.410234 0.033809 0.050156
1 0.399854 0.413151 0.033809 0.052604
1 0.435703 0.412337 0.033809 0.050195
1 0.471006 0.412689 0.033809 0.050898
1 0.506162 0.413105 0.033613 0.051471
1 0.642905 0.474798 0.032939 0.056888
1 0.608789 0.474199 0.033496 0.055951
1 0.574390 0.473066 0.033506 0.056810
1 0.540127 0.472018 0.033496 0.056797
1 0.506396 0.471803 0.033496 0.057930
1 0.470654 0.471699 0.033496 0.059544
1 0.435073 0.470488 0.034561 0.057383
1 0.363184 0.468158 0.034375 0.059232
1 0.326270 0.467565 0.035352 0.058828
1 0.775747 0.477819 0.031377 0.055638
1 0.742969 0.476699 0.030859 0.055221
1 0.709424 0.476270 0.031738 0.054622
1 0.540654 0.413932 0.032441 0.051823
1 0.574795 0.414479 0.032441 0.051094
1 0.608999 0.416400 0.032588 0.050768
1 0.643320 0.417513 0.032148 0.050391
1 0.676245 0.419004 0.032666 0.050508
1 0.710786 0.420267 0.031377 0.049388
1 0.744785 0.421224 0.031367 0.048177
1 0.775723 0.421895 0.030352 0.051081
1 0.807227 0.423249 0.031367 0.050143
1 0.839907 0.423372 0.031377 0.049089
1 0.871523 0.423568 0.031367 0.049479
1 0.870601 0.479635 0.031377 0.054844
1 0.838579 0.479609 0.031377 0.054531
1 0.806963 0.478197 0.031367 0.055612
2 0.277070 0.301419 0.055156 0.025599
1 0.326797 0.303190 0.033809 0.052865
1 0.362568 0.304225 0.033809 0.052227
1 0.397300 0.303236 0.033818 0.050820
1 0.399297 0.246374 0.033809 0.055508
1 0.327358 0.244622 0.031475 0.052865
1 0.362744 0.357891 0.033809 0.051979
1 0.326768 0.356797 0.033809 0.051094
1 0.810088 0.266667 0.031680 0.051484
1 0.778184 0.265065 0.031680 0.051484
1 0.435283 0.301888 0.033809 0.053776
1 0.470210 0.303190 0.033818 0.053255
1 0.505645 0.305143 0.033809 0.051953
1 0.676387 0.475742 0.033496 0.057474
1 0.839673 0.318971 0.031592 0.055547
1 0.745093 0.263789 0.031689 0.051484
1 0.711499 0.261706 0.033584 0.051484
1 0.673623 0.260260 0.023066 0.052448
1 0.574541 0.254831 0.031387 0.054063
1 0.540723 0.252266 0.033789 0.054063
1 0.506309 0.250501 0.033086 0.055690
1 0.872148 0.319382 0.029687 0.053346
1 0.873135 0.372520 0.031621 0.049492
1 0.840576 0.372969 0.029688 0.049115
1 0.809199 0.371452 0.029688 0.050820
