1 0.581470 0.479531 0.043174 0.064531
1 0.673286 0.480299 0.040303 0.063750
1 0.341851 0.468405 0.047490 0.079857
1 0.291475 0.474928 0.048066 0.066810
1 0.241260 0.466296 0.050098 0.082539
1 0.187715 0.466484 0.052969 0.083698
1 0.134321 0.465905 0.048643 0.081029
1 0.081362 0.471862 0.053818 0.068359
1 0.026816 0.469564 0.051816 0.072956
1 0.392798 0.553216 0.046338 0.070651
1 0.434243 0.553991 0.031377 0.068346
1 0.490947 0.552839 0.044043 0.066823
1 0.537705 0.553242 0.044355 0.066771
1 0.584780 0.554375 0.044033 0.065286
1 0.624214 0.553027 0.030225 0.065664
1 0.676309 0.555332 0.043457 0.065664
1 0.721641 0.554759 0.043750 0.065273
1 0.766255 0.555332 0.040869 0.061836
1 0.808999 0.554564 0.040010 0.060299
1 0.850591 0.553027 0.039717 0.064128
1 0.892329 0.557057 0.039150 0.056068
1 0.933774 0.556484 0.041455 0.055677
1 0.937949 0.625755 0.042305 0.063750
1 0.895493 0.625755 0.040303 0.064505
1 0.852607 0.625951 0.042598 0.064896
1 0.810586 0.627103 0.038574 0.064128
1 0.768130 0.627096 0.041162 0.064896
1 0.627666 0.706133 0.030215 0.068776
1 0.681777 0.704427 0.043457 0.067578
1 0.727544 0.704043 0.045186 0.066810
1 0.771582 0.701556 0.042305 0.065664
1 0.815908 0.702702 0.042891 0.062591
1 0.857075 0.699251 0.043447 0.062591
1 0.900532 0.697904 0.041729 0.063750
1 0.944141 0.697135 0.044902 0.063750
1 0.392920 0.475312 0.047168 0.067578
1 0.433667 0.476465 0.031377 0.066810
1 0.489653 0.477813 0.042021 0.064896
1 0.535415 0.478770 0.043174 0.065273
1 0.620327 0.479342 0.030518 0.064128
1 0.437842 0.400091 0.042598 0.067578
1 0.390933 0.404128 0.046650 0.060286
1 0.845122 0.481263 0.036846 0.063359
1 0.803965 0.480299 0.040879 0.063750
1 0.761221 0.481647 0.038281 0.061836
1 0.717900 0.480495 0.043750 0.063359
1 0.723350 0.629017 0.042559 0.065664
1 0.679185 0.629206 0.040010 0.064505
1 0.625532 0.630176 0.029404 0.065690
1 0.586367 0.630553 0.043750 0.067201
1 0.539443 0.631126 0.044902 0.067591
1 0.491953 0.631699 0.044902 0.068737
1 0.433940 0.632643 0.031924 0.068307
1 0.392080 0.633242 0.046055 0.069505
1 0.393516 0.712682 0.047207 0.069505
1 0.440000 0.711908 0.041738 0.068737
1 0.493389 0.709609 0.044902 0.068724
3 0.342808 0.637487 0.050283 0.224141
3 0.296299 0.637155 0.039844 0.223477
3 0.238853 0.638802 0.052178 0.229453
3 0.185156 0.639785 0.049414 0.228789
3 0.131895 0.641100 0.049316 0.230117
3 0.082192 0.639082 0.043291 0.228789
1 0.668970 0.407578 0.037412 0.064141
1 0.616582 0.405853 0.033965 0.063737
1 0.576851 0.403932 0.041416 0.064505
1 0.531963 0.402207 0.043750 0.067201
1 0.487637 0.401439 0.040879 0.068737
1 0.540601 0.708073 0.045479 0.067969
1 0.588521 0.706732 0.045186 0.066823
3 0.022998 0.638001 0.051270 0.240065
