1 0.406250 0.353581 0.043203 0.082943
1 0.828496 0.699674 0.051152 0.081562
1 0.775479 0.700365 0.052187 0.078333
1 0.721943 0.698984 0.052188 0.080182
1 0.669419 0.698060 0.050166 0.073724
1 0.615732 0.695762 0.049766 0.076497
1 0.561851 0.695299 0.050459 0.078333
1 0.509014 0.693223 0.050449 0.076029
1 0.456504 0.692995 0.051152 0.072812
1 0.401587 0.690924 0.049775 0.076042
1 0.402466 0.602038 0.050771 0.076029
1 0.456865 0.603880 0.049043 0.075104
1 0.508691 0.605495 0.050391 0.078333
1 0.562388 0.607565 0.050771 0.076953
1 0.614717 0.608490 0.050430 0.077865
1 0.667041 0.608490 0.050078 0.075104
1 0.720059 0.610104 0.051113 0.072812
1 0.773081 0.611484 0.050771 0.078333
1 0.826611 0.611484 0.051465 0.073724
1 0.822627 0.531810 0.050469 0.078333
1 0.770298 0.529974 0.050811 0.077396
1 0.717280 0.531348 0.052529 0.079258
1 0.664604 0.530202 0.051494 0.075117
1 0.612280 0.522858 0.049775 0.070456
1 0.560640 0.520072 0.050811 0.070508
1 0.507451 0.520527 0.051504 0.068659
1 0.455640 0.519375 0.048740 0.064531
1 0.403140 0.516842 0.050811 0.065898
1 0.095713 0.421198 0.047344 0.080156
2 0.029258 0.509102 0.035645 0.130391
2 0.020547 0.649460 0.035469 0.128112
1 0.142729 0.426810 0.046631 0.087552
1 0.195054 0.426810 0.051807 0.087552
1 0.247036 0.426582 0.047314 0.088008
1 0.299194 0.426348 0.050771 0.090299
1 0.351694 0.430951 0.050771 0.088464
1 0.402637 0.437839 0.046973 0.081146
1 0.454619 0.442467 0.049395 0.076497
1 0.507124 0.442467 0.050088 0.075586
1 0.559277 0.443848 0.050078 0.076497
1 0.610737 0.445000 0.048701 0.075104
1 0.454795 0.355195 0.046973 0.087083
1 0.506260 0.357266 0.049043 0.087552
1 0.560312 0.358177 0.047324 0.088490
1 0.610742 0.360033 0.046621 0.088477
1 0.662207 0.367630 0.051465 0.084323
1 0.715225 0.372467 0.050430 0.077409
1 0.766514 0.371087 0.049395 0.077409
1 0.816948 0.375228 0.048701 0.071888
1 0.661484 0.449961 0.046836 0.077969
1 0.714336 0.449681 0.052227 0.074102
1 0.767178 0.451341 0.048496 0.074115
1 0.820024 0.451341 0.051396 0.075208
3 0.084795 0.590039 0.046094 0.247266
3 0.135703 0.594941 0.048906 0.243867
3 0.189419 0.595521 0.048076 0.245469
3 0.241704 0.598835 0.048760 0.250326
3 0.296147 0.597884 0.051650 0.250326
3 0.348765 0.602637 0.048760 0.250326
2 0.901060 0.361178 0.066807 0.054154
2 0.880771 0.414329 0.093574 0.036107
2 0.905093 0.468444 0.068525 0.049154
2 0.901631 0.515078 0.060488 0.040339
2 0.906675 0.564577 0.067666 0.052617
2 0.904233 0.614089 0.062764 0.044167
2 0.911440 0.665104 0.070225 0.056510
2 0.902661 0.715215 0.084912 0.043789
