0 0.045449 0.332467 0.022422 0.028190
0 0.046289 0.299577 0.020703 0.033138
1 0.071733 0.318600 0.037803 0.070299
0 0.037417 0.518216 0.021885 0.027865
0 0.045239 0.355124 0.023662 0.028190
0 0.039907 0.493678 0.022881 0.026523
0 0.042891 0.467155 0.025859 0.026523
0 0.039468 0.436621 0.021123 0.026497
0 0.042949 0.413411 0.027383 0.026562
0 0.042544 0.382754 0.021592 0.030404
1 0.576436 0.348743 0.038574 0.060482
1 0.536348 0.346016 0.038574 0.060469
1 0.495439 0.346016 0.038574 0.060469
1 0.573569 0.407389 0.038584 0.060482
1 0.535117 0.402194 0.038574 0.066445
1 0.495850 0.403288 0.038574 0.066445
1 0.493389 0.461100 0.038574 0.066445
1 0.609980 0.528737 0.040117 0.063828
1 0.499121 0.283288 0.040117 0.063815
2 0.734604 0.542695 0.063447 0.041849
2 0.735483 0.431725 0.062178 0.031523
2 0.735913 0.470534 0.066162 0.046875
1 0.147847 0.329551 0.037295 0.055768
1 0.381479 0.275059 0.039639 0.063841
1 0.342593 0.275007 0.039639 0.063841
1 0.305015 0.273639 0.039639 0.063841
1 0.265942 0.272207 0.039639 0.063841
1 0.686064 0.533105 0.040117 0.063815
1 0.648838 0.532012 0.040117 0.063815
2 0.734116 0.507181 0.069951 0.036549
2 0.739839 0.394824 0.062588 0.041992
2 0.739639 0.362370 0.059727 0.032734
2 0.742095 0.323092 0.064639 0.044727
2 0.742090 0.279740 0.060547 0.048542
1 0.614883 0.352012 0.040117 0.063815
1 0.615703 0.287109 0.040117 0.063828
1 0.537539 0.286283 0.040117 0.063815
1 0.610391 0.408743 0.040117 0.063815
1 0.532256 0.462741 0.038574 0.066445
1 0.609980 0.470371 0.040117 0.063815
1 0.577246 0.289837 0.038574 0.060482
1 0.687705 0.471465 0.040117 0.063815
1 0.647617 0.470371 0.040117 0.063815
1 0.649658 0.411465 0.040117 0.063815
1 0.688521 0.412012 0.040127 0.063815
1 0.691797 0.350384 0.040117 0.063815
1 0.651289 0.350384 0.040117 0.063815
1 0.691387 0.289290 0.040117 0.063815
1 0.652109 0.290384 0.040117 0.063815
1 0.454941 0.466009 0.038574 0.066445
1 0.147061 0.382044 0.038574 0.066458
1 0.182236 0.509681 0.038574 0.066445
1 0.181826 0.443678 0.038574 0.066445
1 0.186328 0.384225 0.038574 0.066445
1 0.186738 0.325319 0.038574 0.066445
1 0.108936 0.318717 0.038574 0.066445
1 0.227646 0.329681 0.038574 0.066445
1 0.103701 0.442585 0.038574 0.066445
1 0.225605 0.388047 0.038574 0.066458
1 0.221514 0.447500 0.038574 0.066458
1 0.220977 0.512650 0.038574 0.066445
1 0.260439 0.514219 0.038574 0.066458
1 0.261030 0.447461 0.038584 0.066458
1 0.264561 0.386986 0.038574 0.066445
1 0.265156 0.334355 0.038574 0.066445
1 0.305898 0.334746 0.038574 0.066445
1 0.302832 0.392012 0.038574 0.066445
1 0.067695 0.379857 0.038574 0.064245
1 0.107788 0.379316 0.038584 0.066445
1 0.065654 0.438223 0.038574 0.066445
1 0.300713 0.451283 0.038574 0.066445
1 0.297852 0.515098 0.038574 0.066445
1 0.335898 0.518372 0.038574 0.066458
1 0.338760 0.451829 0.038574 0.066445
1 0.339990 0.397832 0.038574 0.066445
1 0.343672 0.337832 0.038574 0.066445
1 0.383350 0.339473 0.038574 0.066445
1 0.377627 0.397285 0.038574 0.066445
1 0.378848 0.463288 0.038574 0.066445
1 0.375986 0.521100 0.038574 0.066445
1 0.414033 0.524915 0.038574 0.066445
1 0.417715 0.453470 0.038574 0.066445
1 0.417305 0.399466 0.038574 0.066458
1 0.422207 0.347103 0.038574 0.066445
1 0.421807 0.276745 0.038574 0.066458
1 0.461895 0.282201 0.038574 0.066458
1 0.458213 0.343835 0.038574 0.066445
1 0.456162 0.403835 0.038574 0.066445
1 0.144199 0.441497 0.038574 0.066458
1 0.452480 0.526009 0.038574 0.066445
1 0.492578 0.527103 0.038574 0.066445
1 0.530615 0.529284 0.038574 0.066458
1 0.569482 0.531465 0.038574 0.066445
1 0.569883 0.467650 0.038574 0.066445
1 0.143379 0.506947 0.038574 0.066445
1 0.146787 0.264512 0.045371 0.066029
1 0.184463 0.268118 0.045371 0.066029
1 0.223613 0.267728 0.045371 0.066029
1 0.063604 0.505313 0.038574 0.066458
1 0.102061 0.505859 0.038574 0.066458
