0 0.380161 0.642409 0.035400 0.047240
0 0.423047 0.644525 0.051523 0.045326
0 0.474858 0.646243 0.050947 0.048008
0 0.528105 0.647207 0.053242 0.046862
0 0.527661 0.711107 0.050107 0.050313
0 0.474985 0.708424 0.050693 0.050312
0 0.423750 0.707077 0.048965 0.049935
0 0.380288 0.703047 0.036865 0.043411
0 0.335103 0.702474 0.050107 0.049167
0 0.422314 0.535143 0.050684 0.056068
0 0.381011 0.532077 0.029678 0.049935
0 0.346758 0.534759 0.036016 0.055299
0 0.528379 0.478158 0.050391 0.052617
0 0.479307 0.480651 0.044355 0.052995
0 0.531113 0.417715 0.050684 0.059909
0 0.485776 0.420202 0.034854 0.064128
0 0.347192 0.369518 0.055869 0.063307
0 0.344600 0.429212 0.046660 0.056081
0 0.348340 0.482760 0.036875 0.045703
0 0.789575 0.366842 0.056846 0.067201
2 0.710767 0.634479 0.083311 0.219453
2 0.632642 0.634759 0.067139 0.200117
2 0.632017 0.434154 0.071709 0.190156
0 0.789448 0.431595 0.050850 0.054049
0 0.777700 0.488359 0.025420 0.056927
0 0.783213 0.546081 0.035977 0.053411
0 0.789932 0.600130 0.041738 0.067474
0 0.795327 0.658835 0.053486 0.047357
0 0.799043 0.721660 0.058047 0.049570
0 0.577061 0.704336 0.035234 0.054219
0 0.575610 0.649622 0.038135 0.049792
0 0.576851 0.586621 0.039795 0.040951
0 0.575811 0.540482 0.039375 0.047031
0 0.574985 0.482181 0.043525 0.058633
0 0.579961 0.429401 0.041035 0.042604
0 0.475991 0.536100 0.048096 0.051081
0 0.528091 0.533418 0.052119 0.050326
0 0.346182 0.582546 0.034863 0.034961
0 0.381885 0.580234 0.034824 0.037266
0 0.423193 0.583887 0.051230 0.037643
0 0.475576 0.585228 0.050664 0.039570
0 0.528823 0.582923 0.054111 0.045716
0 0.338281 0.642025 0.046621 0.043398
