1 0.492319 0.261322 0.036807 0.057383
1 0.448682 0.490397 0.036797 0.057383
1 0.448345 0.434948 0.036807 0.057396
1 0.450728 0.378587 0.036807 0.057383
1 0.452432 0.318587 0.036797 0.057383
1 0.454819 0.259954 0.036807 0.057383
1 0.413911 0.489948 0.036807 0.057396
1 0.414937 0.434492 0.036807 0.057396
1 0.415620 0.377220 0.036807 0.057383
1 0.415957 0.318587 0.036797 0.057383
1 0.420386 0.259036 0.036807 0.061042
1 0.376753 0.490404 0.036807 0.057396
1 0.379482 0.431771 0.036797 0.057396
1 0.379819 0.376322 0.036807 0.057383
1 0.379819 0.318138 0.036807 0.057396
1 0.384937 0.260202 0.036807 0.062331
1 0.350166 0.259264 0.036797 0.061497
1 0.340278 0.490859 0.036807 0.057396
1 0.342661 0.433587 0.036807 0.057383
1 0.344370 0.375866 0.036807 0.057383
1 0.346416 0.318587 0.036797 0.057383
2 0.292720 0.494473 0.058291 0.039987
1 0.713359 0.380664 0.036797 0.055599
1 0.715815 0.319792 0.036807 0.055599
1 0.719253 0.256641 0.036807 0.061458
1 0.527773 0.260410 0.036797 0.057383
1 0.485503 0.491309 0.036807 0.057383
1 0.486187 0.433132 0.036807 0.057383
1 0.487886 0.376771 0.036807 0.057396
1 0.489595 0.317682 0.036807 0.057396
1 0.564585 0.262227 0.036807 0.057396
1 0.752153 0.496211 0.039268 0.059557
1 0.752632 0.438913 0.039268 0.059570
1 0.753120 0.380007 0.039268 0.059570
1 0.752632 0.319141 0.039268 0.059557
1 0.792886 0.310645 0.039268 0.064779
1 0.837065 0.312598 0.039268 0.064779
1 0.757051 0.258919 0.039277 0.059557
1 0.714595 0.500456 0.036807 0.055599
1 0.713853 0.441536 0.036807 0.055599
1 0.673335 0.497669 0.036807 0.055599
1 0.673335 0.439948 0.036807 0.055599
1 0.674360 0.379492 0.036807 0.055599
1 0.675044 0.319948 0.036807 0.055599
1 0.678794 0.256087 0.036807 0.062435
1 0.635498 0.494056 0.036797 0.057383
1 0.636177 0.435410 0.036807 0.057383
1 0.636860 0.377676 0.036807 0.057383
1 0.637202 0.317682 0.036807 0.057396
1 0.641973 0.254967 0.036797 0.066445
1 0.597319 0.494036 0.036807 0.057396
1 0.597998 0.436309 0.036797 0.057383
1 0.596973 0.378132 0.036797 0.057383
1 0.599702 0.319954 0.036807 0.057383
1 0.601748 0.256107 0.036797 0.068724
1 0.558794 0.494941 0.036807 0.057383
1 0.560503 0.435853 0.036807 0.057383
1 0.561519 0.377220 0.036807 0.057383
1 0.561860 0.320410 0.036807 0.057383
1 0.521294 0.492676 0.036807 0.057383
1 0.522661 0.434954 0.036807 0.057383
1 0.523340 0.377220 0.036797 0.057383
1 0.524702 0.319954 0.036807 0.057383
2 0.294941 0.427227 0.058301 0.040000
2 0.295278 0.354049 0.058291 0.040000
2 0.298008 0.288594 0.058301 0.040000
2 0.300220 0.250182 0.055225 0.035000
2 0.249238 0.252884 0.053555 0.032331
2 0.298516 0.462201 0.046699 0.026354
2 0.296304 0.395156 0.048408 0.023177
2 0.298174 0.322891 0.048066 0.025000
2 0.246187 0.290846 0.048408 0.041823
2 0.248574 0.323340 0.051133 0.028633
2 0.243462 0.357428 0.048408 0.040456
2 0.245508 0.394707 0.051816 0.030456
2 0.244146 0.428372 0.047041 0.035964
2 0.248408 0.460156 0.054883 0.027734
2 0.243799 0.493568 0.044316 0.040000
2 0.924438 0.325384 0.057959 0.124987
2 0.912188 0.458203 0.035391 0.141406
2 0.874390 0.356790 0.041240 0.143346
3 0.833628 0.433652 0.039268 0.185273
3 0.792900 0.433047 0.039277 0.184583
