1 0.631553 0.388190 0.036816 0.060208
1 0.631895 0.331380 0.036816 0.060208
1 0.633936 0.271380 0.036816 0.063854
1 0.591670 0.508197 0.036816 0.060221
1 0.591670 0.451374 0.036816 0.060221
1 0.595078 0.388197 0.036816 0.060221
1 0.594053 0.331836 0.036816 0.060208
1 0.595078 0.270241 0.036816 0.063398
1 0.554170 0.509102 0.036816 0.060208
1 0.553828 0.387741 0.036816 0.060221
1 0.555532 0.326380 0.036826 0.060208
1 0.559619 0.267741 0.036816 0.060221
1 0.517012 0.509102 0.036816 0.060208
1 0.554170 0.446829 0.036816 0.060221
0 0.866587 0.528652 0.029658 0.030456
0 0.864722 0.499811 0.029658 0.030456
0 0.864722 0.469811 0.029658 0.030456
0 0.864038 0.442988 0.029658 0.030456
0 0.867104 0.417539 0.029658 0.030443
0 0.867446 0.389811 0.029658 0.030456
0 0.868813 0.362546 0.029658 0.030456
0 0.867788 0.338001 0.029658 0.030456
0 0.867788 0.308001 0.029658 0.030456
0 0.867788 0.279362 0.029658 0.030443
2 0.828389 0.490059 0.040742 0.104727
2 0.787891 0.489733 0.041230 0.100143
2 0.827671 0.385964 0.040752 0.104714
2 0.785947 0.389889 0.040742 0.104727
3 0.746904 0.449147 0.035840 0.186549
3 0.704932 0.449473 0.033379 0.184570
1 0.747637 0.324460 0.036328 0.065456
1 0.668848 0.508379 0.036816 0.060221
1 0.667686 0.451829 0.036816 0.060221
1 0.669385 0.389102 0.036816 0.060208
1 0.670752 0.332741 0.036816 0.060221
1 0.672461 0.270241 0.036816 0.065221
1 0.708926 0.324792 0.036133 0.065000
1 0.629844 0.510007 0.036816 0.060221
1 0.628828 0.450462 0.036816 0.060221
1 0.445420 0.271380 0.036816 0.060208
1 0.406563 0.507285 0.036816 0.060221
1 0.407236 0.449108 0.036816 0.060221
1 0.407583 0.390469 0.036826 0.060208
1 0.408262 0.329557 0.036816 0.060208
1 0.516670 0.448646 0.036816 0.060208
1 0.369404 0.507741 0.036816 0.060221
1 0.369741 0.448197 0.036826 0.060221
1 0.373154 0.391380 0.036816 0.060208
1 0.373154 0.334564 0.036816 0.060221
1 0.371787 0.273626 0.036816 0.063919
1 0.333945 0.505013 0.036816 0.060208
1 0.334287 0.449108 0.036816 0.060221
1 0.335313 0.388197 0.036816 0.060221
1 0.335313 0.330924 0.036816 0.060208
1 0.335596 0.272454 0.036816 0.062878
1 0.298438 0.503327 0.036816 0.060221
1 0.298779 0.446510 0.036816 0.060208
1 0.298438 0.385150 0.036816 0.060221
1 0.299121 0.332878 0.036816 0.060208
1 0.300820 0.273789 0.036816 0.060208
1 0.264004 0.504694 0.036816 0.060221
1 0.265029 0.447422 0.036816 0.060208
1 0.265029 0.387878 0.036816 0.060208
1 0.267070 0.326973 0.036816 0.060221
1 0.265371 0.274245 0.036816 0.060208
2 0.217993 0.478561 0.062725 0.040456
2 0.217144 0.408796 0.062393 0.042721
2 0.159702 0.476061 0.052490 0.044544
2 0.219531 0.514928 0.055566 0.033190
2 0.166519 0.513789 0.055908 0.030911
2 0.219531 0.444701 0.056250 0.030000
2 0.165669 0.441517 0.054209 0.026367
2 0.160044 0.409701 0.054541 0.040911
2 0.213564 0.344251 0.058633 0.038190
2 0.158677 0.343112 0.055225 0.036823
2 0.216973 0.306296 0.064766 0.030456
1 0.410312 0.272285 0.036816 0.060221
1 0.517012 0.388197 0.036816 0.060221
1 0.518027 0.332741 0.036816 0.060221
1 0.520762 0.270046 0.036816 0.063789
1 0.479512 0.506829 0.036816 0.060221
1 0.478486 0.447285 0.036816 0.060221
1 0.480537 0.386380 0.036816 0.060208
1 0.480195 0.331380 0.036816 0.060208
1 0.482236 0.273197 0.036816 0.060221
1 0.442695 0.506374 0.036816 0.060221
1 0.443037 0.448190 0.036816 0.060208
1 0.443037 0.388190 0.036816 0.060208
1 0.443379 0.333197 0.036816 0.060221
2 0.216294 0.269486 0.064092 0.038633
2 0.158682 0.269023 0.057266 0.044089
