1 0.242686 0.241100 0.034531 0.056654
3 0.840586 0.351673 0.033984 0.169648
3 0.805767 0.352780 0.032334 0.171862
3 0.769707 0.356094 0.032324 0.167448
3 0.733857 0.356647 0.035234 0.168555
2 0.186489 0.434251 0.050420 0.040065
2 0.184937 0.397865 0.048701 0.032708
2 0.183726 0.359635 0.051123 0.042708
2 0.185791 0.323034 0.054590 0.024870
2 0.182344 0.287103 0.054570 0.041445
2 0.180483 0.246354 0.049385 0.033620
2 0.180620 0.209277 0.049736 0.028555
2 0.190112 0.171745 0.050771 0.038229
1 0.246348 0.425944 0.035117 0.057565
1 0.284307 0.426432 0.036777 0.055703
1 0.323286 0.424434 0.037178 0.057565
1 0.363057 0.424701 0.038379 0.054375
1 0.401440 0.423906 0.035576 0.054896
1 0.439517 0.422839 0.036182 0.053828
1 0.477114 0.422038 0.035811 0.054362
1 0.514170 0.421237 0.035176 0.055964
1 0.551851 0.420169 0.036982 0.054375
1 0.589331 0.418978 0.035576 0.054102
1 0.624810 0.418171 0.032979 0.055169
1 0.661587 0.417910 0.035771 0.056237
1 0.697822 0.417135 0.034297 0.052760
1 0.245967 0.362454 0.034883 0.056185
1 0.284131 0.363828 0.035918 0.057109
1 0.322817 0.363372 0.035928 0.055260
1 0.361333 0.363372 0.035576 0.055260
1 0.401226 0.363600 0.034541 0.054805
1 0.438184 0.361758 0.033848 0.055729
1 0.476001 0.361296 0.034893 0.054805
1 0.514170 0.360605 0.035234 0.053424
1 0.551455 0.358763 0.033809 0.056172
1 0.587568 0.358073 0.034199 0.058490
1 0.624868 0.358301 0.034893 0.056185
1 0.661826 0.356693 0.034199 0.055729
1 0.697920 0.354850 0.033164 0.055716
1 0.697388 0.293145 0.034229 0.057565
1 0.661807 0.293600 0.034922 0.056654
1 0.625371 0.293600 0.034570 0.056654
1 0.588413 0.292676 0.035264 0.054805
1 0.550767 0.293600 0.035264 0.053893
1 0.513979 0.296823 0.035615 0.051120
1 0.475986 0.297044 0.035605 0.055286
1 0.437300 0.298437 0.035615 0.054349
1 0.399478 0.297513 0.035264 0.054349
1 0.360625 0.296367 0.034922 0.053880
1 0.322109 0.298184 0.037344 0.052096
1 0.283081 0.299128 0.036650 0.051120
1 0.244053 0.297975 0.035957 0.050664
1 0.281372 0.241790 0.036611 0.057096
1 0.321265 0.241562 0.035576 0.055729
1 0.359946 0.242025 0.035576 0.054805
1 0.400356 0.239062 0.035576 0.044271
1 0.438696 0.237878 0.035576 0.046510
1 0.475830 0.236953 0.033848 0.045599
1 0.513130 0.237878 0.034541 0.041901
1 0.550088 0.237422 0.035234 0.043750
1 0.587910 0.237187 0.034199 0.040521
1 0.624854 0.235801 0.034863 0.044206
1 0.661650 0.235111 0.033848 0.044674
1 0.697925 0.236035 0.034541 0.041914
1 0.734702 0.234655 0.033506 0.042826
1 0.770625 0.230736 0.032812 0.048815
1 0.811558 0.230540 0.021416 0.050143
1 0.840571 0.230514 0.032471 0.047435
1 0.699976 0.189290 0.035264 0.042357
1 0.663018 0.189290 0.036641 0.042357
1 0.626582 0.187682 0.034922 0.043750
1 0.551992 0.189753 0.034883 0.044219
1 0.514497 0.189753 0.035264 0.043281
1 0.476504 0.188600 0.036641 0.042826
1 0.438164 0.188138 0.036641 0.040990
1 0.399824 0.188828 0.037344 0.045130
1 0.360103 0.185605 0.036650 0.048815
1 0.320039 0.187682 0.036641 0.040990
1 0.281006 0.188835 0.038027 0.041445
1 0.241460 0.188600 0.038369 0.038216
