1 0.166733 0.333105 0.035381 0.059961
1 0.625259 0.366816 0.033408 0.058633
1 0.589282 0.364954 0.033799 0.058633
2 0.555400 0.359492 0.028398 0.064766
2 0.521816 0.357891 0.028809 0.067422
2 0.487539 0.354160 0.029004 0.069023
2 0.452656 0.352155 0.028398 0.071419
2 0.412446 0.347487 0.017861 0.072083
2 0.381997 0.343900 0.030205 0.076758
2 0.346821 0.343496 0.028604 0.072227
1 0.311040 0.346426 0.034600 0.058372
1 0.275161 0.343776 0.033604 0.059948
1 0.239282 0.341497 0.034600 0.060234
1 0.206006 0.340033 0.028008 0.063164
1 0.130068 0.333503 0.034355 0.059688
1 0.762988 0.434909 0.033379 0.048776
1 0.728208 0.431302 0.033779 0.053281
1 0.693330 0.426113 0.033984 0.041315
1 0.658135 0.426914 0.032754 0.051432
1 0.623262 0.427448 0.033398 0.050911
1 0.588076 0.424121 0.033398 0.050638
1 0.552700 0.422917 0.033799 0.048776
1 0.518018 0.419720 0.033203 0.047695
1 0.482231 0.418919 0.033975 0.049844
1 0.448057 0.415319 0.031602 0.051706
1 0.407197 0.410924 0.025781 0.047161
1 0.376504 0.410658 0.033594 0.051966
1 0.341323 0.407454 0.033604 0.053034
1 0.306440 0.405195 0.033799 0.053307
1 0.270767 0.401999 0.033994 0.052773
1 0.234687 0.399863 0.034199 0.054362
1 0.202808 0.398529 0.026006 0.053307
1 0.162627 0.389870 0.034805 0.046641
1 0.126748 0.388535 0.034199 0.046107
1 0.653652 0.369479 0.019395 0.058099
1 0.198486 0.508451 0.025820 0.051328
1 0.229634 0.511556 0.033818 0.051315
1 0.265859 0.512780 0.034316 0.050664
1 0.301260 0.515892 0.033145 0.052435
0 0.091162 0.443236 0.029766 0.022070
0 0.090562 0.467220 0.032881 0.023346
0 0.089238 0.489609 0.030723 0.018229
0 0.088042 0.516628 0.031689 0.024948
1 0.405532 0.522546 0.028154 0.051107
1 0.372632 0.520443 0.033975 0.050885
1 0.336484 0.518327 0.033984 0.050221
1 0.124194 0.446152 0.035146 0.052878
1 0.160425 0.449036 0.034307 0.049323
1 0.200986 0.452370 0.027148 0.047995
1 0.232798 0.454590 0.034482 0.050221
1 0.268525 0.457695 0.034648 0.047995
1 0.303672 0.458698 0.033652 0.046875
1 0.338486 0.461471 0.033652 0.047552
1 0.373716 0.463809 0.033818 0.047773
1 0.405010 0.465137 0.024863 0.048216
1 0.446841 0.468581 0.031143 0.047995
1 0.479985 0.470469 0.033154 0.047318
1 0.515713 0.472910 0.033984 0.047773
1 0.550947 0.475358 0.033477 0.048216
1 0.586089 0.477018 0.033486 0.049766
1 0.621572 0.479245 0.033477 0.047552
1 0.656719 0.482135 0.032813 0.047995
1 0.691279 0.482461 0.034316 0.051771
1 0.726758 0.485345 0.033652 0.048659
1 0.762319 0.486680 0.034482 0.050000
1 0.761821 0.544095 0.032822 0.050664
1 0.726592 0.542311 0.033984 0.051992
1 0.691182 0.539876 0.033457 0.051107
1 0.655884 0.539206 0.033818 0.051094
1 0.620737 0.535547 0.034150 0.051328
1 0.585195 0.533320 0.034687 0.050885
1 0.550107 0.531211 0.032148 0.050651
1 0.514717 0.529219 0.034316 0.048880
1 0.478818 0.526543 0.033477 0.052435
0 0.093320 0.418281 0.032168 0.022708
0 0.093442 0.393021 0.031924 0.022057
0 0.094575 0.368203 0.028545 0.022057
0 0.096318 0.337721 0.026172 0.024036
1 0.122202 0.505007 0.034502 0.051107
1 0.444419 0.524551 0.031982 0.050664
1 0.158677 0.506445 0.034482 0.052656
