1 0.826021 0.330553 0.041240 0.063503
1 0.673350 0.507279 0.041230 0.064792
1 0.669912 0.443789 0.041230 0.064792
1 0.673843 0.386178 0.041240 0.063503
1 0.675312 0.324004 0.041230 0.063503
1 0.673843 0.259212 0.041240 0.063503
1 0.708203 0.509889 0.041230 0.063503
1 0.710166 0.445749 0.041230 0.063503
1 0.711641 0.385540 0.041230 0.063503
1 0.714092 0.324668 0.041230 0.063503
1 0.714092 0.260514 0.041230 0.063503
1 0.749438 0.507936 0.041240 0.063503
1 0.750420 0.446400 0.041230 0.063503
1 0.749438 0.386191 0.041240 0.063503
1 0.752383 0.325319 0.041230 0.063503
1 0.752383 0.261829 0.041230 0.063503
1 0.786260 0.505964 0.041230 0.063516
1 0.787734 0.447057 0.041230 0.063516
1 0.790679 0.392077 0.041240 0.063503
1 0.789204 0.332520 0.041240 0.063503
1 0.788223 0.263132 0.041230 0.063503
1 0.822588 0.507923 0.041230 0.063503
1 0.823076 0.446400 0.041230 0.063503
1 0.824551 0.386842 0.041230 0.063503
1 0.829458 0.265749 0.041240 0.063503
2 0.873135 0.482396 0.071719 0.032734
2 0.871196 0.517741 0.060869 0.034023
2 0.872178 0.448034 0.059883 0.029453
2 0.877334 0.412689 0.061367 0.030768
2 0.877310 0.336439 0.062393 0.035352
2 0.874854 0.265749 0.067305 0.040586
1 0.636045 0.442474 0.041230 0.064792
1 0.636533 0.504648 0.041230 0.064792
1 0.598735 0.322044 0.041240 0.064792
1 0.593823 0.382917 0.041240 0.064792
1 0.595791 0.442474 0.041230 0.064792
1 0.596279 0.503997 0.041230 0.064792
1 0.557500 0.318112 0.041230 0.064792
1 0.555044 0.382917 0.041240 0.064792
1 0.437231 0.501380 0.041240 0.064792
1 0.556519 0.444440 0.041240 0.064792
1 0.476504 0.503346 0.041230 0.064792
1 0.515771 0.503346 0.041230 0.064792
1 0.518228 0.441823 0.041240 0.064792
1 0.518721 0.384883 0.041230 0.064792
1 0.515771 0.318776 0.041230 0.064792
3 0.146636 0.432324 0.046143 0.191784
3 0.188843 0.434622 0.046143 0.191771
3 0.229585 0.435931 0.046143 0.191784
1 0.317959 0.308932 0.041230 0.070729
1 0.277202 0.308294 0.041240 0.070729
1 0.361143 0.308952 0.041230 0.070716
1 0.234492 0.301094 0.041230 0.070729
1 0.191294 0.304368 0.041240 0.070716
1 0.148096 0.302409 0.041230 0.070729
1 0.275234 0.371133 0.041230 0.070729
1 0.317451 0.373750 0.041230 0.070729
1 0.360649 0.373750 0.041240 0.070729
1 0.273271 0.435931 0.041230 0.070716
1 0.316470 0.434622 0.041240 0.070729
1 0.358198 0.435931 0.041240 0.070716
1 0.356724 0.500072 0.041240 0.070716
1 0.316470 0.501380 0.041240 0.070729
1 0.273765 0.499421 0.041240 0.070716
1 0.396978 0.312878 0.041240 0.070729
1 0.437720 0.313535 0.041240 0.070716
1 0.476504 0.312227 0.041230 0.070729
1 0.397959 0.378333 0.041230 0.070729
1 0.439683 0.376367 0.041240 0.070729
1 0.479448 0.375065 0.041240 0.070729
1 0.399434 0.440208 0.041230 0.064792
1 0.438213 0.438555 0.041230 0.064792
1 0.476011 0.440508 0.041240 0.064792
1 0.398940 0.503346 0.041240 0.064792
1 0.556519 0.502031 0.041240 0.064792
1 0.641440 0.258555 0.041240 0.064792
1 0.599717 0.257585 0.041230 0.066732
1 0.555537 0.257259 0.041230 0.068685
1 0.639971 0.319427 0.041230 0.064792
1 0.636274 0.382917 0.042686 0.064792
