1 0.425547 0.443809 0.036445 0.060742
1 0.252417 0.491406 0.036455 0.060755
1 0.287925 0.492546 0.036455 0.060742
1 0.321162 0.495573 0.036445 0.060755
1 0.355820 0.497090 0.036445 0.060742
1 0.389912 0.498984 0.036445 0.060755
1 0.181851 0.489740 0.036455 0.060755
1 0.149448 0.378503 0.036455 0.060755
1 0.185693 0.379850 0.036445 0.060742
1 0.218906 0.380931 0.036445 0.060742
1 0.149243 0.432500 0.036455 0.060755
1 0.184482 0.432773 0.036445 0.060755
1 0.217690 0.432500 0.036455 0.060755
1 0.147827 0.487311 0.036455 0.060742
1 0.152319 0.324049 0.036455 0.060755
1 0.218096 0.491758 0.036445 0.060755
1 0.425137 0.499740 0.036445 0.060755
1 0.458374 0.501257 0.036455 0.060742
1 0.252134 0.433079 0.036455 0.060742
1 0.288096 0.435625 0.036445 0.060755
1 0.323687 0.438359 0.036455 0.060755
1 0.357637 0.441081 0.036445 0.060755
0 0.130078 0.308353 0.019336 0.032096
0 0.128701 0.333737 0.017754 0.027083
0 0.128105 0.358060 0.021309 0.026328
0 0.126528 0.380951 0.018936 0.028411
0 0.127715 0.405931 0.022891 0.025273
0 0.126626 0.428809 0.018740 0.024232
0 0.128701 0.453672 0.026035 0.028698
0 0.127617 0.478132 0.023086 0.023424
0 0.124429 0.500456 0.020928 0.026042
1 0.186235 0.325846 0.036455 0.060755
1 0.496719 0.395814 0.035996 0.056185
1 0.529443 0.396908 0.035996 0.056185
1 0.564629 0.400176 0.035996 0.056185
1 0.599805 0.402357 0.035996 0.056172
1 0.493037 0.445449 0.035996 0.056185
1 0.527813 0.448177 0.035996 0.056172
1 0.561763 0.451452 0.036006 0.056185
1 0.597354 0.452539 0.035996 0.056172
1 0.492222 0.505449 0.036006 0.056185
1 0.526992 0.508177 0.035996 0.056172
1 0.562583 0.508177 0.036006 0.056172
1 0.596533 0.509811 0.035996 0.056185
1 0.629668 0.507630 0.035996 0.056172
1 0.631309 0.450905 0.035996 0.056185
1 0.631309 0.406178 0.035996 0.056185
1 0.663623 0.401816 0.035996 0.056185
1 0.698804 0.401816 0.036006 0.056185
1 0.696758 0.451452 0.035996 0.056185
1 0.661172 0.453633 0.035996 0.056172
1 0.662397 0.507630 0.036006 0.056172
1 0.696348 0.509811 0.035996 0.056185
2 0.743379 0.517982 0.059766 0.037083
2 0.742988 0.453105 0.059766 0.040326
2 0.742988 0.418164 0.059766 0.027214
2 0.742988 0.389271 0.059766 0.037083
2 0.745439 0.325996 0.059766 0.037096
2 0.742578 0.357357 0.059766 0.025651
2 0.744829 0.284850 0.055264 0.035508
2 0.739307 0.485814 0.059766 0.037096
1 0.390361 0.442174 0.036445 0.060755
1 0.459907 0.444355 0.036455 0.060742
1 0.253730 0.383268 0.036445 0.060755
1 0.288911 0.383268 0.036455 0.060755
1 0.324912 0.384902 0.036445 0.060742
1 0.357231 0.386536 0.036455 0.060755
1 0.391182 0.387630 0.036445 0.060755
1 0.425547 0.388177 0.036445 0.060755
1 0.462769 0.390358 0.036455 0.060742
1 0.254961 0.331712 0.035996 0.056185
1 0.292183 0.334180 0.036006 0.056172
1 0.327773 0.334727 0.035996 0.056172
1 0.360908 0.334727 0.035996 0.056172
1 0.394863 0.334727 0.035996 0.056172
1 0.428818 0.338001 0.035996 0.056185
1 0.462358 0.341270 0.036006 0.056185
1 0.464814 0.287819 0.035996 0.056185
1 0.427178 0.285091 0.035996 0.056172
1 0.392817 0.282910 0.036006 0.056185
1 0.359272 0.283457 0.036006 0.056185
1 0.324502 0.283457 0.035996 0.056185
1 0.287686 0.276361 0.035996 0.056185
1 0.253320 0.276361 0.035996 0.056185
1 0.216094 0.275820 0.035996 0.056172
1 0.496724 0.287819 0.036006 0.056185
1 0.529858 0.291087 0.036006 0.056185
1 0.565854 0.290540 0.036006 0.056185
1 0.601035 0.293815 0.035996 0.056172
1 0.633354 0.294909 0.036006 0.056172
1 0.667305 0.296543 0.035996 0.056185
1 0.702490 0.297637 0.035996 0.056185
1 0.497129 0.343997 0.035996 0.056172
1 0.530674 0.343451 0.035996 0.056172
1 0.564629 0.345632 0.035996 0.056185
1 0.598989 0.347813 0.036006 0.056172
1 0.632944 0.350540 0.036006 0.056185
1 0.667305 0.352181 0.035996 0.056185
1 0.702485 0.352181 0.036006 0.056185
