0 0.816265 0.363424 0.026279 0.029844
0 0.817227 0.394479 0.026641 0.029844
0 0.817236 0.424023 0.026641 0.029844
0 0.818374 0.452813 0.026631 0.029844
0 0.819224 0.479707 0.026631 0.029857
0 0.821499 0.511523 0.026631 0.029844
0 0.822065 0.541823 0.026631 0.029844
0 0.822632 0.571751 0.026631 0.029857
0 0.770928 0.571374 0.029453 0.029857
0 0.796660 0.572721 0.025742 0.027995
0 0.842515 0.363236 0.024990 0.026914
0 0.843652 0.394889 0.025000 0.029883
0 0.843369 0.423490 0.025000 0.028750
0 0.844507 0.452813 0.024990 0.028750
0 0.846797 0.480846 0.027305 0.028750
0 0.848193 0.510768 0.027832 0.028750
0 0.849927 0.542207 0.027881 0.028737
0 0.849058 0.572135 0.027275 0.028750
0 0.877617 0.572122 0.028164 0.028750
0 0.876758 0.544479 0.028711 0.028750
0 0.876602 0.513034 0.027266 0.028750
0 0.874624 0.481602 0.026143 0.028750
0 0.872632 0.451302 0.029541 0.028750
0 0.871353 0.425924 0.025850 0.028750
1 0.071982 0.544141 0.048301 0.073047
1 0.074351 0.477793 0.048311 0.073034
1 0.076113 0.408672 0.048301 0.073047
1 0.076113 0.334062 0.048301 0.073047
1 0.078472 0.262591 0.048311 0.073047
1 0.117939 0.546126 0.048301 0.073034
1 0.117651 0.478581 0.044189 0.073047
1 0.120884 0.405534 0.042412 0.073047
1 0.123237 0.333275 0.042412 0.073034
1 0.124419 0.259440 0.042412 0.073047
1 0.166831 0.547695 0.042412 0.073047
1 0.166831 0.477005 0.042412 0.073047
1 0.169780 0.407891 0.042412 0.073047
1 0.170366 0.339557 0.042412 0.073047
1 0.169189 0.268867 0.042402 0.073047
1 0.209839 0.546914 0.042412 0.073047
1 0.211606 0.475436 0.042412 0.073034
1 0.213369 0.407891 0.042402 0.073047
1 0.213960 0.337201 0.042412 0.073047
1 0.214546 0.271224 0.042412 0.073047
1 0.260493 0.272012 0.042412 0.073034
1 0.258726 0.341133 0.042412 0.073047
1 0.258726 0.408672 0.042412 0.073047
1 0.256396 0.480150 0.047168 0.073034
1 0.255786 0.549271 0.042412 0.073047
1 0.306440 0.272799 0.042412 0.073047
1 0.304673 0.341133 0.042412 0.073047
1 0.303789 0.411823 0.044180 0.073047
1 0.302910 0.479375 0.043594 0.073047
1 0.300562 0.549271 0.044775 0.073047
1 0.348262 0.548470 0.044766 0.070690
1 0.350034 0.480156 0.044775 0.070677
1 0.348267 0.408678 0.044775 0.070690
1 0.349443 0.344277 0.044766 0.070690
1 0.348267 0.274785 0.044775 0.074570
1 0.391855 0.546921 0.044766 0.070690
1 0.393623 0.481725 0.044766 0.070690
1 0.391855 0.411823 0.044766 0.070677
1 0.394805 0.343496 0.044766 0.070690
1 0.392104 0.277233 0.044775 0.070690
1 0.436284 0.281165 0.044775 0.070690
1 0.437461 0.343991 0.044766 0.070690
1 0.435698 0.409967 0.044775 0.070690
1 0.436875 0.479876 0.044766 0.070690
1 0.436875 0.548210 0.044766 0.070690
1 0.479287 0.550566 0.044766 0.070690
1 0.479878 0.481439 0.044775 0.070690
1 0.478110 0.413112 0.044775 0.070677
1 0.481646 0.345566 0.044775 0.070690
1 0.479878 0.278809 0.044775 0.070690
1 0.524058 0.280371 0.044775 0.070690
1 0.521113 0.346348 0.044766 0.070690
1 0.521699 0.412324 0.044766 0.070690
1 0.521699 0.484590 0.044766 0.070690
1 0.523467 0.550566 0.044766 0.070690
1 0.567646 0.550566 0.044766 0.070690
1 0.565879 0.482233 0.044766 0.070690
1 0.565879 0.415469 0.044766 0.070677
1 0.564702 0.346348 0.044775 0.070690
1 0.609473 0.345566 0.044766 0.070690
1 0.609473 0.411543 0.044766 0.070690
1 0.608296 0.485371 0.044775 0.070690
1 0.610063 0.552923 0.044775 0.070690
1 0.650117 0.348704 0.044766 0.070690
1 0.650117 0.413900 0.044766 0.070690
1 0.653062 0.482233 0.044775 0.070690
1 0.654238 0.552135 0.044766 0.070677
1 0.694297 0.550566 0.044766 0.070690
1 0.694297 0.484590 0.044766 0.070690
1 0.692529 0.416257 0.044766 0.070690
1 0.692529 0.350280 0.044766 0.070690
0 0.743174 0.570221 0.029453 0.029844
0 0.742803 0.540313 0.029453 0.029844
0 0.742236 0.510391 0.029453 0.029844
0 0.740537 0.480469 0.029453 0.029844
0 0.740244 0.454329 0.029453 0.029857
0 0.738262 0.424401 0.029453 0.029844
0 0.736846 0.393346 0.029453 0.029844
0 0.763262 0.356224 0.029453 0.029844
0 0.764678 0.393346 0.029453 0.029844
0 0.766104 0.422135 0.029453 0.029844
0 0.766108 0.451302 0.028311 0.029844
0 0.768369 0.479896 0.027754 0.027187
0 0.770361 0.510391 0.029453 0.029844
0 0.771221 0.540690 0.029453 0.029844
