2 0.228008 0.378184 0.074453 0.035456
2 0.230869 0.297187 0.074453 0.032734
2 0.232300 0.213464 0.074854 0.037630
1 0.532754 0.226302 0.038457 0.070911
1 0.494683 0.497383 0.036045 0.070911
1 0.497759 0.431927 0.033994 0.070911
1 0.497163 0.367565 0.033994 0.070911
1 0.499619 0.299935 0.033984 0.070911
1 0.501665 0.232298 0.033994 0.070898
1 0.456870 0.498477 0.044209 0.070911
1 0.460347 0.428659 0.044209 0.070911
1 0.461167 0.365384 0.044209 0.070898
1 0.460757 0.295026 0.044209 0.070911
1 0.462393 0.225208 0.044219 0.070911
1 0.384263 0.496289 0.044209 0.070911
1 0.386304 0.427018 0.044209 0.070911
1 0.387124 0.360482 0.044209 0.070911
1 0.389580 0.292845 0.044219 0.070898
1 0.391216 0.221393 0.044209 0.070911
1 0.423335 0.497650 0.033135 0.063789
1 0.423940 0.430547 0.030303 0.070365
1 0.425566 0.366185 0.031953 0.059453
1 0.425566 0.299642 0.029492 0.070352
1 0.427832 0.227650 0.025781 0.073633
1 0.351343 0.493275 0.033135 0.067096
1 0.351538 0.422109 0.033135 0.067083
1 0.350718 0.362116 0.033135 0.067096
1 0.352759 0.299388 0.033135 0.067083
1 0.317573 0.493268 0.035225 0.068177
1 0.317368 0.425091 0.038896 0.067083
1 0.318184 0.362370 0.037266 0.067083
1 0.318389 0.298555 0.039316 0.067083
1 0.283003 0.492728 0.034814 0.068190
1 0.283218 0.424297 0.034814 0.068177
1 0.281577 0.364251 0.034814 0.063919
1 0.281577 0.297207 0.034814 0.068190
1 0.281992 0.227396 0.034805 0.068177
2 0.224507 0.500911 0.078174 0.047448
2 0.225132 0.421022 0.078174 0.047461
2 0.224722 0.337572 0.078174 0.047461
2 0.226763 0.256302 0.078174 0.047448
2 0.228003 0.458639 0.076084 0.038190
1 0.605977 0.430293 0.042539 0.071445
0 0.889282 0.342975 0.032314 0.035404
0 0.889468 0.369753 0.032314 0.035391
0 0.888652 0.404115 0.032324 0.035391
0 0.888247 0.433568 0.032314 0.035391
0 0.888652 0.462474 0.032324 0.035391
0 0.887017 0.492474 0.032314 0.035391
0 0.887427 0.523561 0.032314 0.035404
0 0.858789 0.340840 0.032324 0.035404
0 0.859604 0.373027 0.032314 0.035404
0 0.858789 0.404661 0.032324 0.035391
0 0.857563 0.433568 0.032314 0.035391
0 0.858789 0.461387 0.032324 0.035404
0 0.858789 0.494108 0.032324 0.035404
0 0.856333 0.523021 0.032314 0.035391
0 0.828110 0.520840 0.032314 0.035404
0 0.828926 0.488112 0.032324 0.035391
0 0.830562 0.463021 0.032314 0.035391
0 0.828926 0.436842 0.032324 0.035404
0 0.829336 0.403568 0.032324 0.035391
0 0.830562 0.369753 0.032314 0.035391
0 0.831792 0.340299 0.032314 0.035391
0 0.796606 0.519199 0.032314 0.035404
0 0.798657 0.488659 0.032314 0.035391
0 0.798882 0.465228 0.029404 0.030977
0 0.799883 0.437930 0.029414 0.030990
0 0.799067 0.406296 0.029404 0.030977
0 0.799067 0.369206 0.029404 0.030990
0 0.801108 0.334297 0.029404 0.030990
0 0.776978 0.329388 0.029404 0.030990
0 0.756123 0.330482 0.026113 0.030990
3 0.753872 0.434635 0.049502 0.205078
3 0.715625 0.433001 0.029453 0.199622
3 0.679834 0.432454 0.044590 0.203997
3 0.641787 0.433548 0.031504 0.196367
1 0.679014 0.301549 0.047051 0.067630
1 0.642993 0.302096 0.029912 0.066536
1 0.604355 0.497637 0.042539 0.071445
1 0.605161 0.367018 0.042549 0.071458
1 0.609253 0.299935 0.042549 0.071458
1 0.567109 0.498451 0.036855 0.068724
1 0.567314 0.430820 0.034805 0.066536
1 0.567930 0.370007 0.036035 0.067096
1 0.570586 0.300736 0.039727 0.074727
1 0.574473 0.235553 0.041758 0.073086
1 0.528267 0.498457 0.038447 0.070898
1 0.531118 0.433568 0.038447 0.070911
1 0.529482 0.369746 0.038457 0.070898
1 0.531523 0.303757 0.038457 0.070898
