0 0.856465 0.597656 0.032383 0.030000
0 0.858672 0.568112 0.032383 0.030000
0 0.858672 0.537656 0.032383 0.030000
0 0.856289 0.514922 0.032383 0.030000
0 0.856289 0.489922 0.032383 0.030000
0 0.856973 0.462656 0.032383 0.030000
0 0.856289 0.433112 0.032383 0.030000
0 0.854243 0.409466 0.032393 0.030000
0 0.854585 0.378568 0.032393 0.030000
0 0.828848 0.596745 0.024883 0.030911
0 0.829014 0.565833 0.024883 0.030911
0 0.827988 0.542650 0.024883 0.030898
0 0.829014 0.517201 0.024883 0.030911
0 0.828672 0.489922 0.024883 0.030911
0 0.828330 0.465833 0.024883 0.030911
0 0.828330 0.434928 0.024883 0.030898
0 0.826289 0.409479 0.024883 0.030911
0 0.825947 0.379479 0.024883 0.030911
0 0.802427 0.595378 0.024893 0.030911
0 0.802427 0.567201 0.024893 0.030911
0 0.802427 0.539922 0.024893 0.030911
0 0.803105 0.516289 0.024883 0.030911
0 0.802769 0.490156 0.024893 0.027708
0 0.802764 0.464017 0.024883 0.027721
0 0.802085 0.434473 0.024893 0.027721
0 0.801748 0.410384 0.024883 0.027721
0 0.802085 0.382858 0.024893 0.030039
0 0.776177 0.595378 0.024893 0.027708
0 0.776177 0.566289 0.024893 0.027708
0 0.776177 0.540833 0.024893 0.027708
0 0.774814 0.515833 0.024883 0.027708
0 0.776519 0.490833 0.024893 0.027708
0 0.775986 0.465378 0.026543 0.027708
0 0.775156 0.436289 0.024883 0.027708
0 0.775156 0.406289 0.024883 0.027708
0 0.773789 0.381745 0.024883 0.027708
1 0.703057 0.576816 0.039473 0.060482
1 0.660928 0.577246 0.039473 0.060482
1 0.662104 0.515202 0.039463 0.060482
1 0.661519 0.452363 0.039463 0.060482
1 0.660337 0.387552 0.039463 0.064427
1 0.702163 0.388340 0.039463 0.067565
1 0.701572 0.446868 0.039473 0.060482
1 0.702163 0.515983 0.039463 0.060482
1 0.741040 0.576465 0.039463 0.060482
1 0.739272 0.515983 0.039463 0.060482
1 0.741040 0.451582 0.039463 0.060482
1 0.743398 0.388743 0.039473 0.060482
1 0.622051 0.578034 0.039473 0.060469
1 0.622642 0.515202 0.039463 0.060482
1 0.624995 0.450007 0.039463 0.060482
1 0.621460 0.385605 0.039463 0.060482
1 0.582583 0.576465 0.039463 0.060482
1 0.583760 0.515983 0.039473 0.060482
1 0.585527 0.448444 0.039473 0.060482
1 0.544219 0.573405 0.039473 0.060482
1 0.544629 0.507956 0.039473 0.060469
1 0.546265 0.446868 0.039463 0.060482
1 0.505356 0.572871 0.039463 0.060482
1 0.317998 0.505775 0.039473 0.060482
1 0.279546 0.505775 0.039463 0.060482
1 0.356455 0.444147 0.039473 0.060482
1 0.318408 0.441960 0.039473 0.060482
1 0.280776 0.443053 0.039463 0.060482
1 0.280771 0.381960 0.039473 0.060482
1 0.239863 0.561413 0.039473 0.060482
1 0.203867 0.560866 0.039473 0.060482
1 0.239863 0.501960 0.039473 0.060482
1 0.203457 0.498685 0.039473 0.060469
1 0.242725 0.439238 0.039473 0.060482
1 0.206318 0.437598 0.039473 0.060482
1 0.241499 0.380332 0.039463 0.060482
1 0.165410 0.559232 0.039473 0.060469
1 0.167456 0.498691 0.039463 0.060482
1 0.169502 0.438145 0.039473 0.060482
1 0.127778 0.559779 0.039463 0.060469
1 0.131870 0.496504 0.039463 0.060482
1 0.132275 0.436504 0.039473 0.060482
1 0.137598 0.319264 0.039473 0.065872
1 0.506582 0.509596 0.039473 0.060469
1 0.505767 0.446868 0.039463 0.060482
1 0.468130 0.569043 0.039463 0.060482
1 0.469360 0.506322 0.039463 0.060482
1 0.469360 0.443600 0.039463 0.060482
1 0.428452 0.570684 0.039463 0.060482
1 0.428452 0.507962 0.039463 0.060482
1 0.431724 0.443600 0.039463 0.060482
1 0.390815 0.567956 0.039463 0.060469
1 0.389995 0.506322 0.039463 0.060482
1 0.394087 0.443600 0.039463 0.060482
1 0.353589 0.566322 0.039463 0.060482
1 0.276685 0.565775 0.039463 0.060482
1 0.353999 0.505234 0.039463 0.060469
1 0.314727 0.566868 0.039473 0.060482
