1 0.693389 0.443027 0.042168 0.067461
1 0.916855 0.503926 0.039375 0.061862
1 0.960229 0.501927 0.045771 0.063724
1 0.546558 0.291159 0.045830 0.067474
1 0.641436 0.291960 0.044609 0.065247
1 0.690342 0.288600 0.042168 0.070690
1 0.735337 0.282363 0.043896 0.080586
1 0.780098 0.281725 0.042734 0.079961
1 0.823247 0.281393 0.040303 0.079974
1 0.867744 0.279805 0.044375 0.079948
1 0.912471 0.277897 0.044375 0.079961
1 0.957803 0.276302 0.044375 0.079948
1 0.495000 0.206927 0.042344 0.082917
1 0.540459 0.206790 0.045371 0.082122
1 0.589033 0.206921 0.046934 0.083971
1 0.632202 0.207331 0.037783 0.082109
1 0.684873 0.206257 0.044375 0.082643
1 0.553770 0.524043 0.045566 0.064258
1 0.600645 0.521777 0.045371 0.065586
1 0.647114 0.522578 0.042373 0.062396
1 0.692490 0.518451 0.047969 0.064792
1 0.739956 0.514980 0.040576 0.064258
1 0.784233 0.511771 0.044775 0.063698
1 0.825913 0.510716 0.036182 0.061589
1 0.869888 0.506855 0.046572 0.060794
1 0.507197 0.526172 0.044766 0.064792
1 0.448828 0.529642 0.033184 0.068529
1 0.406455 0.531510 0.048379 0.068516
1 0.404658 0.453418 0.048379 0.067461
1 0.451016 0.451022 0.040352 0.067461
1 0.502896 0.449551 0.047373 0.068789
1 0.551475 0.450221 0.047773 0.061589
1 0.599043 0.446361 0.045371 0.066654
1 0.639917 0.445020 0.031982 0.065586
1 0.736938 0.441159 0.042529 0.064792
1 0.782036 0.438490 0.045576 0.064792
1 0.827612 0.435033 0.042373 0.066914
1 0.869482 0.433828 0.038574 0.063984
1 0.911577 0.433301 0.040342 0.064518
3 0.033740 0.469004 0.067480 0.242669
3 0.093384 0.466914 0.046045 0.235469
3 0.144727 0.466562 0.054297 0.229948
3 0.199370 0.462988 0.052627 0.226706
3 0.252739 0.461335 0.050596 0.228294
3 0.308252 0.459642 0.039746 0.223320
3 0.354268 0.457129 0.048887 0.223320
1 0.956294 0.431491 0.045576 0.064258
1 0.954785 0.360859 0.045391 0.058932
1 0.910508 0.360592 0.040000 0.058398
1 0.869131 0.359915 0.040801 0.061836
1 0.825146 0.362578 0.043652 0.061823
1 0.781587 0.365658 0.042002 0.061602
1 0.737109 0.366055 0.043398 0.062396
1 0.692036 0.366589 0.044795 0.064531
1 0.637871 0.368190 0.034004 0.064531
1 0.596797 0.369792 0.046191 0.066120
1 0.502427 0.371270 0.046318 0.071003
1 0.550049 0.371432 0.045098 0.066849
1 0.449658 0.373835 0.043438 0.067799
1 0.401685 0.375749 0.049678 0.067799
1 0.026782 0.300417 0.051592 0.075833
1 0.082432 0.295495 0.053516 0.087604
1 0.136157 0.294349 0.051123 0.083490
1 0.190005 0.292103 0.053271 0.087331
1 0.244092 0.289876 0.052070 0.086029
1 0.296025 0.290684 0.049434 0.081237
1 0.346992 0.287962 0.049199 0.084102
1 0.398921 0.292917 0.047998 0.071641
1 0.393530 0.218079 0.049678 0.064596
1 0.443296 0.207819 0.046553 0.082565
1 0.446802 0.293561 0.044873 0.073555
1 0.498145 0.290645 0.047012 0.072279
1 0.594170 0.290840 0.047031 0.068112
