0 0.170918 0.492793 0.031504 0.035456
0 0.172554 0.464427 0.031494 0.035469
0 0.173374 0.434974 0.031494 0.035469
0 0.174600 0.403887 0.031504 0.035456
0 0.177056 0.370618 0.031494 0.035456
0 0.178281 0.338431 0.031504 0.035456
0 0.201191 0.525514 0.031504 0.035456
0 0.202012 0.491699 0.031504 0.035456
0 0.203237 0.462793 0.031494 0.035456
0 0.203647 0.430612 0.031494 0.035469
0 0.206514 0.403887 0.031504 0.035456
0 0.208149 0.369525 0.031494 0.035456
0 0.210190 0.335710 0.031494 0.035456
0 0.233511 0.525514 0.031494 0.035456
0 0.232690 0.494427 0.031494 0.035469
0 0.233921 0.462793 0.031494 0.035456
0 0.232690 0.434974 0.031494 0.035469
0 0.235967 0.403887 0.031504 0.035456
0 0.235557 0.371706 0.031504 0.035469
0 0.239648 0.338431 0.031504 0.035456
0 0.294053 0.522793 0.029863 0.034362
0 0.294463 0.492793 0.029863 0.034362
0 0.294053 0.461699 0.029863 0.034362
0 0.293232 0.433340 0.029863 0.034362
0 0.292827 0.403340 0.029854 0.034362
0 0.298145 0.371159 0.029863 0.034375
0 0.298145 0.336797 0.029863 0.034375
0 0.263599 0.525781 0.026592 0.033281
0 0.265234 0.493053 0.030684 0.032174
0 0.170693 0.526322 0.031504 0.035456
0 0.263594 0.465781 0.027402 0.032187
0 0.269321 0.337611 0.026592 0.035456
3 0.339072 0.431426 0.045000 0.213268
3 0.376479 0.432240 0.033916 0.215990
1 0.369546 0.301335 0.038037 0.067643
1 0.416553 0.502057 0.037227 0.070911
1 0.417588 0.433333 0.037227 0.070911
1 0.416367 0.367884 0.037227 0.070898
1 0.413506 0.300794 0.037227 0.070911
1 0.448706 0.498509 0.032725 0.067096
1 0.448276 0.432793 0.032725 0.067096
1 0.447456 0.368978 0.032725 0.067096
1 0.447866 0.305156 0.032725 0.067083
1 0.485273 0.497695 0.042949 0.068724
1 0.485088 0.430612 0.042949 0.068724
1 0.486318 0.369518 0.042949 0.068724
1 0.485913 0.304616 0.042959 0.068737
1 0.485913 0.230964 0.042959 0.073125
1 0.550942 0.497695 0.041338 0.068724
1 0.551362 0.370065 0.041338 0.068724
1 0.550952 0.305156 0.041338 0.068724
1 0.548501 0.240794 0.041338 0.068724
1 0.518037 0.499056 0.029863 0.070352
1 0.517427 0.433333 0.030264 0.067630
1 0.518022 0.372513 0.025811 0.063828
1 0.551362 0.430065 0.041338 0.068724
1 0.517632 0.307604 0.029854 0.068177
1 0.583477 0.495234 0.029902 0.068177
1 0.583062 0.433607 0.028271 0.068177
1 0.584292 0.371966 0.029092 0.069271
1 0.582451 0.308424 0.031133 0.069818
1 0.582861 0.243249 0.028672 0.072539
1 0.615400 0.497415 0.033945 0.063815
1 0.613950 0.432793 0.033955 0.063815
1 0.616812 0.374434 0.033955 0.063815
1 0.614360 0.311152 0.033955 0.063815
1 0.614360 0.244616 0.033955 0.063815
1 0.645654 0.494147 0.030723 0.066003
1 0.646270 0.433887 0.030723 0.066003
1 0.645449 0.374434 0.030723 0.066003
1 0.645859 0.312246 0.030723 0.066003
1 0.646270 0.251159 0.030723 0.065990
1 0.680854 0.494421 0.038857 0.065456
1 0.681450 0.430605 0.038857 0.065456
1 0.679810 0.371152 0.038857 0.065456
1 0.678994 0.310072 0.038867 0.065456
1 0.680630 0.247344 0.038857 0.065443
1 0.742402 0.492246 0.038867 0.065456
1 0.741177 0.430065 0.038857 0.065443
1 0.742812 0.370065 0.038867 0.065443
1 0.742808 0.313340 0.038857 0.065456
1 0.743628 0.250618 0.038857 0.065456
1 0.709448 0.493874 0.025771 0.061081
1 0.710493 0.430612 0.025771 0.061094
1 0.709673 0.374427 0.025771 0.061094
1 0.710493 0.314434 0.025771 0.061081
1 0.711313 0.248457 0.025771 0.065404
2 0.790078 0.498783 0.061777 0.045820
2 0.785371 0.464147 0.059727 0.031081
2 0.788218 0.426250 0.061768 0.045807
2 0.789854 0.354798 0.061777 0.045820
2 0.789854 0.281165 0.061777 0.045820
2 0.784941 0.388613 0.059727 0.031081
2 0.784536 0.318796 0.059717 0.031081
2 0.782900 0.241341 0.059727 0.031094
