1 0.433818 0.483242 0.044180 0.070911
1 0.525967 0.482324 0.045371 0.072227
1 0.576436 0.480599 0.035176 0.069271
1 0.618511 0.480059 0.044170 0.067695
1 0.200737 0.416562 0.044639 0.069401
1 0.104790 0.490443 0.044639 0.069401
1 0.153003 0.489805 0.044639 0.069401
1 0.293062 0.560749 0.043662 0.067513
1 0.339839 0.558984 0.046533 0.067839
1 0.387207 0.555469 0.044375 0.067839
1 0.433862 0.556270 0.045576 0.069440
1 0.480513 0.555150 0.043896 0.068477
1 0.527651 0.555632 0.046514 0.067513
1 0.578735 0.554674 0.035986 0.068151
1 0.620591 0.553711 0.044854 0.068151
1 0.667246 0.553711 0.044609 0.068151
1 0.713296 0.549870 0.044131 0.064948
1 0.759106 0.549714 0.045576 0.067188
1 0.806123 0.549395 0.044609 0.066549
1 0.847139 0.546035 0.033574 0.070716
1 0.853730 0.621673 0.041016 0.068477
1 0.807681 0.622630 0.046768 0.069115
1 0.760308 0.624225 0.045576 0.071029
1 0.713896 0.624870 0.044375 0.071667
1 0.667246 0.627904 0.044609 0.066875
1 0.620952 0.628385 0.045088 0.069115
1 0.578735 0.628704 0.036455 0.072305
1 0.528486 0.630306 0.046777 0.071029
1 0.481353 0.630944 0.045576 0.069102
1 0.434917 0.630957 0.044814 0.069727
1 0.387329 0.634785 0.045088 0.066549
1 0.339971 0.633177 0.045840 0.071042
1 0.291626 0.633014 0.046533 0.072018
1 0.244595 0.635104 0.043623 0.070391
1 0.197959 0.635742 0.047246 0.071042
1 0.148428 0.636725 0.046055 0.071628
1 0.099736 0.636563 0.047969 0.071302
1 0.107437 0.418802 0.044639 0.069401
1 0.110552 0.336615 0.044639 0.069401
1 0.156597 0.335807 0.044639 0.069401
1 0.203848 0.335488 0.047031 0.068112
1 0.753125 0.327493 0.043203 0.066836
1 0.709009 0.328424 0.042998 0.066927
1 0.663047 0.329492 0.044570 0.069583
1 0.617671 0.330690 0.042979 0.070911
1 0.576890 0.331094 0.035400 0.069583
1 0.526118 0.332695 0.044189 0.069583
1 0.480640 0.335755 0.043994 0.067188
1 0.434683 0.333490 0.043975 0.070651
1 0.389092 0.333229 0.045195 0.071719
1 0.343433 0.332956 0.044971 0.069063
1 0.296050 0.333327 0.046201 0.070846
1 0.254678 0.341348 0.033398 0.076784
1 0.257021 0.415697 0.027188 0.067956
1 0.294683 0.413561 0.045420 0.067956
1 0.340571 0.413301 0.043975 0.070091
1 0.387046 0.414095 0.045381 0.069023
1 0.433818 0.412240 0.045371 0.067448
1 0.479697 0.410898 0.043574 0.067969
1 0.526162 0.410924 0.046172 0.067422
1 0.575937 0.409147 0.036172 0.069336
1 0.616714 0.408763 0.043779 0.067969
1 0.662085 0.407969 0.044971 0.065833
1 0.708159 0.407565 0.042783 0.067161
1 0.753730 0.405970 0.045977 0.070898
1 0.800605 0.404102 0.044180 0.069818
1 0.841079 0.402767 0.037178 0.069831
1 0.844580 0.475273 0.036973 0.065599
1 0.755332 0.478197 0.046367 0.068763
1 0.709458 0.479258 0.042568 0.070365
1 0.664185 0.479128 0.044775 0.068490
2 0.903833 0.472715 0.056201 0.119440
2 0.909189 0.595664 0.052578 0.118646
1 0.200981 0.486927 0.044639 0.069401
1 0.252524 0.488047 0.032979 0.070365
1 0.293101 0.485684 0.044580 0.070846
1 0.339775 0.485788 0.045176 0.071159
1 0.387144 0.485254 0.045576 0.069023
1 0.479194 0.482187 0.044170 0.071953
1 0.153960 0.417526 0.045596 0.069401
1 0.103096 0.562988 0.047012 0.068789
1 0.802104 0.476992 0.045576 0.069036
1 0.151064 0.561706 0.044141 0.070078
1 0.198916 0.558665 0.046777 0.065273
1 0.246890 0.559629 0.044854 0.067826
